05212	05212
100124593	04060
112400	04012
113901	00530
113902	00960 00983
113911	04740
113914	04080
113919	00480 00590
113927	04310 04340
113936	04610
113956	01040
113959	04080 04610
113965	00062 00071 00280 00310 00380 00650 00930
113970	04530
113976	00071 03320 04920
113992	00040 00053 00150 00500 00830 00860 00980 00982 00983
113995	04020 04080
114002	00534
114024	00071 03320 04920
114027	00260 00330 00472
114096	00020
114097	00590
114098	04020 04080
114099	04020 04080
114100	00100
114101	00564 04070
114103	04060 04630 04640
114105	04060
114106	00830
114110	04060 04510
114111	04060 04150 04510 05200 05211 05212 05219
114113	00565
114115	04020 04080
114117	04742
114120	04010 04810
114122	04514
114123	00260
114125	04330
114203	04910
114207	04020 04730
114211	04080
114212	04110 04115
114214	04210
114243	04670
114248	00230
114483	04110 04115 05200 05212 05214 05218 05220 05222 05223
114486	04010 04012 04150 04510 04650 04720 04730 04810 04910 05200 05210 05211 05212 05213 05214 05215 05216 05218 05219 05220 05221 05223
114487	04310 04340 04916 05200 05217
114489	04512
114492	04060
114493	04010 04020 04912 05010
114494	04110
114495	04010 04620 04664 04912 05014
114508	00010 00030 00051 04910
114513	04010
114516	04080
114517	04510 04512 04514 04640 04810 05200 05222
114521	03410
114523	04360
114524	04360
114553	04670
114557	04310
114558	04140
114559	04810
114597	00020 00640
114628	02010
114630	00190 05010 05012 05016
114633	00562 04020 04070
114700	00100
114711	00530
114768	00230 00232
114850	04310 04340 04916 05200 05217
114851	04012 04110 04115 05200 05214 05215 05218 05219 05220
114856	04010
114858	04012 04510 04650 04910 05214 05220
114860	00052 00520
114862	04010 04020
115769	04530
116455	00190
116457	04010
116465	04060 04630 04650
116466	04310 04340 04916 05200 05217
116468	03030 03420 03430
116470	04130
116472	04060
116479	04514 04530 04670
116483	00252 00970
116490	04520
116498	04080
116499	04010 04810 05200 05218
116500	04130
116506	04080
116508	04514
116546	05200 05212
116549	04310 04520 04530
116550	00190 05010 05012 05016
116551	04660 04664
116552	00310
116553	04060 04630 04664 05310
116554	04010 04012 04310 04510 04620 04664 04910 04912 04920 04930 05200 05210 05212
116556	00230 04540 04730
116558	04060 04630 05310
116561	05016
116562	04060 04630 04660 04940 05320 05330 05332
116563	05016
116564	00230 04540 04730
116568	00430 00450 00460 00480 00590
116569	00052 00511 00531 00561 00600 00604
116589	04115
116590	04010 04012 04150 04350 04360 04370 04510 04520 04540 04620 04650 04664 04720 04730 04810 04910 04912 04916 04930 05010 05200 05210 05211 05212 05213 05214 05215 05216 05218 05219 05220 05221 05223
116591	04650 05322
116593	00240 00410 00770 00983
116595	04514
116596	04010 04620 04660
116599	00860
116600	04010
116601	04020 05010
116630	04060 04630 04640 04650 04660 04664
116631	00232 00983
116632	00232 00983
116636	04012 04150 04910 05221
116647	04514
116650	03060
116651	04350
116654	04530
116660	04940
116663	04010
116664	00190
116667	04010 04120 04912
116669	04510 04512 04610
116670	04510 04720 04810
116671	05010
116673	04512 04514
116676	00830
116677	04080
116682	00380
116683	04360
116684	00480
116686	00480
116689	04520 04630 04650 04660 04662
116690	04514
116699	00562 04070
116700	04080 04912 05320
116717	04910
116719	00061 00620 00640 04910 04920
116720	04070
116721	02010
116723	00562 04070 04810
116724	04530
116725	04120
116727	04512 04640
116728	05012
116740	00601
116744	04080 04540
116777	04514
117017	00230 00240 03020 05016
117022	04010 04060 04640
117027	04060
117029	04060
117041	04614
117042	03010
117045	04150 04910
117053	03010
117056	05322
117060	04120
117096	04514
117097	04080
117098	00010 00020 00290 00620 00650
117099	00072 00650
117104	04530
117108	00532 00534
117182	00150
117185	00511 00600
117243	00071 03320 04920
117249	05016
117256	04530
117258	04514
117262	03050
117263	03050
117264	04080
117269	04010 04150 04720
117273	04310 04350 04360 04510 04520 04530 04660 04670 04810 05200
117275	04350
117276	00051
117278	00100
117279	04210
117281	04310 04350 04530 04730
117287	05012
117512	04610 05322
117516	04060
117517	04610 05322
117519	04120
117526	03022 05016
117533	00230
117539	04060 04630
117542	04520 04810
117544	00230 00251
117547	04650
117549	05012
117551	04060
117553	04120
117554	00561
117556	04512
117557	05200 05216
117558	04020 04510 04810
117559	04512
117596	00190
122799	03010
124323	03010
124440	03010
140433	04510 04512 05200 05222
140447	04020
140448	04020
140544	00440 00564
140547	00062 00071 00280 00310 00380 00410 00632 00640 00650 00903 00930
140583	04110 04115
140584	04310 04340 04916 05200 05217
140588	04340 05200 05217
140589	04340 05200 05217
140590	04060 04350
140595	04080
140607	00562 04070 04810
140608	00190
140635	04060 04640 05200 05221
140638	03320
140654	03010
140661	03010
140662	03010
140668	02010
140669	02010
140670	05016
140671	04020 04910
140674	04080
140675	04080
140693	00562 04020 04070
140724	04010
140725	04010
140726	04010
140727	04010
140728	04010
140729	04010
140868	03320
140908	04360 05010
140910	00100
140914	03320
140924	04060 04630 05340
140926	04010 05014
140941	04115 04120 04310
140942	04150
140946	00230
154516	00040 00053 00150 00500 00830 00860 00980 00982 00983
154985	00830
155012	04610
155140	04060 04630
155192	02010
155268	04514 04530 04670
155918	04650 04660 04664
156117	04210 05010 05014
156275	00430 00450 00460 00480 00590
156767	04060 04920 05014
157074	00020 00190 05010 05012 05016
161452	04310 04520 04916 05200 05210 05213 05215 05216 05217 05221
161477	03010
170465	00062 00071 00120 00280
170501	00512
170538	04530 04664 04912 04930
170544	00071 00590 00830 03320
170546	04020 05010
170570	00620
170579	04010 04810 05200 05218
170580	04010 04810 05200 05218
170582	04010 04810 05200 05218
170583	04010 04810 05200 05218
170587	00020 00630
170630	04010 04810 05200 05218
170632	04010 04810 05200 05218
170633	04010 04810 05200 05218
170634	04742
170635	00830
170667	00190
170668	04010
170670	00062 00071 00280 00310 00380 00410 00632 00640 00650 00903 00930 01040
170700	04010 04810 05200 05218
170704	04080
170796	04080
170816	04740
170819	04630
170824	04115
170841	03410
170844	03022
170851	04010 04012 04370 04510 04540 04620 04650 04664 04720 04730 04810 04910 04912 04916 05200 05210 05211 05212 05213 05214 05215 05216 05218 05219 05220 05221 05223
170897	00600 04020 04370
170898	00310
170905	04330
170911	00562 04012 04070 04150 04210 04370 04510 04620 04630 04650 04660 04662 04664 04670 04810 04910 04930 05200 05210 05211 05212 05213 05214 05215 05218 05220 05221 05222 05223
170913	02010
170915	04110 04310 04330 04350 04520 04630 04720 04916 05016 05200 05211 05215
170917	04710
170919	00561 00564 00565
170920	04010
170921	04510 04512 04640 04810 05200 05222
170922	03320 04510 05213
170924	02010
170926	04020 04080
171009	04510 04520 04530 04670 04810 05322
171028	00190
171040	04060 04630 04640
171044	04080
171053	00770
171054	04060
171055	04662
171056	04060
171060	04630
171075	04640
171079	00604
171081	04060 04210 04630
171082	00190 05010 05012 05016
171088	00562 04070
171102	04110
171103	04010 04110
171105	04614
171108	04080
171109	04010
171115	00230
171118	00983
171136	04012 04120 04630 04660 04910 05200 05220
171140	04012 04020 04310 04720 04740 04912 04916 05214
171142	00071 00280 00310 00380 00410 00632 00640 00650 00903 00930 03320
171150	03420 04110
171152	03022
171155	00062 00071 00120 00280
171178	00010 00071 00120 00350 00624 00641 00830 00980 00982
171287	04360
171297	04514
171333	04060 04630
171334	04060 04630
171335	00190 05010 05012 05016
171337	04010 04510 04670 04720 05211
171339	05016
171341	00480 00980 00982
171347	00271 00450
171352	00361 00591 00830 00980 00982 00983
171365	05322
171369	04060 04514 04620 05310 05320 05322 05330 05340
171374	00190 05010 05012 05016
171375	00190 05010 05012 05016
171378	04010 04020 04210 04310 04360 04370 04650 04660 04662 04720 05010 05014
171385	00380
171400	01040
171402	01040
171415	04140
171436	04810
171458	00562
171499	04060 04630
171516	00140
171518	00590 00591 00830 00980 00982
171521	00590 00591 00830 00980 00982
171522	00982
171528	04650 04940 05320 05330 05332
171566	00230 00240
171570	00240 00983
171576	04110
191569	00230
191575	00230 00240
191576	01040
192154	05016
192172	00272
192183	04514 04520
192241	00190 05010 05012 05016
192242	00120 00140 00150
192255	05012
192260	00564 04070
192262	04610 05322
192263	00563
192268	00251 00471 00910
192270	00561 00564 00565 00600
192272	01040
192275	00510
192280	04910
192362	04510 04512 05200 05222
192646	04080
24152	04916
24153	04610
24157	00071 00120 00280 01040 03320
24158	00071 00280 00410 00640 03320
24159	00020 00720
24161	00361 00740 04520
24162	00361 00740
24165	00230 05340
24167	04080
24172	00010 00071 00120 00350 00624 00641 00830 00980 00982
24173	04020 04080
24174	04080
24175	04080
24176	04020 04080
24179	04614
24180	04020 04080 04614
24182	04080 04614
24183	00230
24184	00230
24185	04010 04012 04150 04210 04370 04510 04530 04620 04630 04660 04662 04664 04910 04920 05200 05210 05211 05212 05213 05214 05215 05218 05220 05221 05222 05223
24188	00830
24189	00010 00030 00051
24190	00010 00030 00051
24191	00010 00030 00051
24192	00040 00051 00052 00561 00620
24197	00361 00790
24203	00500
24205	04310 04810 05200 05210 05213 05217
24207	03320
24208	05200 05215
24215	04020
24217	00190
24223	04612
24224	04210 04510 05014 05200 05210 05215 05222
24225	04010 05016
24230	04080
24231	04610 05322
24232	04610 05322
24233	04610 05322
24235	04610
24236	04610
24237	04610 05322
24239	04010 04020 04720 04912 04930 05010
24240	00240 00251 00252
24242	04020 04070 04720 04740 04910 04912 04916 05010 05214
24244	04020 04070 04720 04740 04910 04912 04916 05010 05214
24245	04012 04020 04310 04720 04740 04912 04916 05214
24246	04012 04020 04310 04720 04740 04912 04916 05214
24248	00380 00680 05014
24250	00260 00271 00450
24252	05200 05221
24254	00120 00561
24255	02010
24260	04020 04080 04810
24264	00330
24265	00330
24267	00350
24268	00860
24294	00140 00150
24296	00380 00830 00980
24297	00232 00380 00591 00830 00980 00982
24298	00140
24299	00232 00830 00982 00983
24300	00590 00830 00980 00982
24303	00982
24310	04614
24311	00340 00350 00360 00380 00950
24312	00670 00790
24314	00100
24316	04020 04080 04540
24318	04080 04540
24323	04916
24326	04020 04080
24329	04010 04012 04020 04060 04510 04520 04540 04810 04912 05200 05210 05212 05213 05214 05215 05218 05219 05223
24333	00010
24334	00010
24335	04060 04630 04640
24336	04060 04630 04640
24337	04012 04020 04510 04520 05200 05212 05213 05215 05219 05223
24338	04360
24356	05211
24360	03320
24362	00010 00030 00051 04910
24366	04610
24367	04610
24368	00020 00720 05200 05211
24373	04350
24375	00511
24377	00030 00480
24379	00251 00252 00410 00430 00650 04940
24380	00251 00252 00410 00430 00650 04940
24383	00010 05010
24385	00010 00051 00052 00500 00530
24390	00052 00510 00533 00601
24391	04080 04630
24392	04540
24397	04080
24398	00251 00471 00910
24399	00251 00330 00471 00910
24400	04742
24401	00251 00252 00272 00330 00350 00360 00400 00950
24404	00480 00590 05014 05016
24406	04080
24407	04080
24408	04020 04080 04720 05010 05014 05016
24409	04020 04080 04720 05010 05014 05322
24410	04080 04720 05010 05014 05016 05322
24411	04020 04080 04720 05010 05014
24412	04020 04080 04720 05010 05014
24413	04080
24414	04020 04080 04540 04720 04730
24415	04080
24416	04080
24417	04080 04742
24418	04020 04080 04540 04720 04730 05016
24419	04080
24421	00480 00980 00982
24422	00480 00980 00982
24424	00480 00980 00982
24426	00480 00980 00982 05215
24434	00040 00500 00531 00860 00983
24439	00620
24443	00340
24446	04060 04510 05200 05211 05218
24448	04020 04080
24450	00072 00280 00650 03320
24451	00860
24465	00230 00983
24468	04010 04612
24470	00140 00150
24471	04010 04370
24472	04010 04612
24473	04080
24476	04950
24477	04510 04512
24479	00020 00480 00720
24481	04060 04620 04630 04650
24482	04115 04150 04510 04730 05200 05214 05215 05218
24484	04115
24493	04010 04060 04210 04640 04940 05332
24494	04010 04060 04210 04620 04640 04940 05010 05332
24495	04060 04210 04630 04640 04664 05310
24497	04060 04630 04640 04660 04664 05310 05320 05330
24498	04060 04620 04630 04640 05200 05332
24499	04060 04630 04640
24500	04060 04630 04640
24505	04140 04150 04810 04910 04930 04940 04950 05215
24506	04140 04150 04810 04910 04930 04940 04950 05215
24511	04360 04510 04512 04514 04670 04810 05200 05222
24513	00280
24514	04630 04920
24516	04010 04012 04310 04510 04620 04660 04662 04912 05200 05210 05211
24518	04010
24525	04010 04012 04360 04370 04530 04540 04650 04660 04662 04664 04720 04730 04810 04910 04912 04916 05200 05210 05211 05212 05213 05214 05215 05216 05218 05219 05220 05221 05223
24528	00052
24530	00564
24533	00010 00272 00620 00640
24534	00010 00272 00620 00640
24536	04060 04080 04630 04920
24538	00561
24539	00561 03320 05010
24548	04610
24551	00020 00620 00630 00720
24552	00620 03320
24553	04060 04360 04510 04520 05200 05210 05211 05218
24559	04010 04810
24561	03410
24564	04514
24565	02010
24577	04010 04012 04310 04350 04630 05200 05210 05213 05216 05219 05220 05221 05222
24582	04530
24583	04530
24584	04510 04530 04670 04810
24586	04514
24587	05014
24588	05014
24590	04614 04640 05010
245903	04530
24591	00511 00600
24592	04010
245920	04060 04620
245921	04010 04350 04520 05200 05210 05212 05220
245958	00190 05010 05012 05016
24596	04060
245960	00510
245961	00260
245962	04650
245965	00190 05010 05012 05016
24598	00330 04020 04730 05010 05014 05200 05222
245981	03010
245983	04060 04630 04640
24599	00330 04020 04730 05010 05014 05200 05222
24600	00330 04020 04370 04730 05010 05014 05200 05222
24603	00230 04540 04730
24604	04920
24605	04010 04012 04360 04370 04530 04540 04650 04660 04662 04664 04720 04730 04810 04910 04912 04916 05200 05211 05213 05214 05215 05216 05218 05219 05220 05221 05223
246060	04110
246070	00590 00591 00830 00980 00982
246074	01040 03320
246075	04080
24609	00220 00480
246097	04010 04060 04115 04210 04650 04940 05010 05200 05320 05330 05332
24611	04020 04740
246115	00561 00564 00565 00600
246118	04540
24613	04080
246136	00511
246144	04060 04210 04630 04640
24616	00400
24617	04115 04610
246211	00051 00120 00260 00363 00591 00625 00650
246216	04120
246217	04360
246219	04742
246232	00500 00520
24624	00280 00640
246245	00982
246247	00982
246248	00982
246252	00983
246253	03320 04920 04930
246255	04530
24626	00230
246262	04360
246263	00650
246266	00252 00460 00910
246267	00010 00051 00562
24627	00230
246272	00230 00240
24628	04010 04510 04540 04810 05200 05211 05214 05215 05218
246281	00380
24629	04010 04020 04060 04510 04540 04810 05200 05210 05214 05215 05218
246298	00830
246307	00252 00460 00910
246327	00230 00240 03030
246331	04360
246358	04060
24638	00051
24640	00051
24642	00010
24644	00010
24645	00010 00030 00052 00500
24646	02010
24648	04610
24649	04630 05221
24651	00010 00230 00620 04910 04930 04950
24653	00564 00565 00590 00591 00592 04010 04370 04664 04730 04912
24654	00562 04020 04070 04310 04540 04720 04730 04912 04916 05010 05016
24655	00562 04020 04070
24661	00350
24664	04916 04920
24666	04010
24667	04010
24668	04510 04720 04810 04910
24669	04510 04720 04810 04910
24672	04310 04350 04530 04730
24673	04310 04350 04530 04730
24674	04010 04020 04210 04310 04360 04370 04650 04660 04662 04720 05010 05014
24675	04010 04020 04210 04310 04360 04370 04650 04660 04662 04720 05010 05014
246756	04210 04920
246758	00230
246766	00601
246770	03022
246775	04060 04210 04650
246781	04010
24679	04210 04910
24680	04010 04012 04020 04070 04310 04370 04510 04530 04540 04650 04664 04670 04720 04730 04912 04916 05200 05214 05223
24681	04010 04012 04020 04070 04310 04370 04510 04530 04540 04650 04664 04670 04720 04730 04916 05200 05214 05223
24683	04060 04080 04630
24684	04060 04080 04630
24688	05014
24689	00030 00230
24691	04080
24693	00590
24697	04520 04910
24699	04514 04660 05340
24701	00500 04910
24703	04010 04012 04370 04510 04540 04650 04664 04720 04730 04810 04910 04912 04916 05200 05210 05211 05212 05213 05214 05215 05218 05219 05220 05221 05223
24705	05200 05221
24706	05200 05222 05223
24708	04110 05200 05212 05214 05215 05218 05219 05220 05222 05223
24715	04614
24716	05200 05216
24718	04510 04512
24737	04514 04612 04940 05320 05330 05332
24747	04514 04612 04940 05320 05330 05332
24748	04514 04612 04940 05320 05330 05332
24750	04514 04612 04940 05320 05330 05332
24751	04514 04612 04940 05320 05330 05332
24763	00650
24767	04742
24768	04742
24770	04060
24771	04512 04514
24772	04060 04360 04670
24778	04920 05200 05211
24782	04810
24786	05014 05016
24787	05016
24788	00051
24790	04350 05016
24792	00252 00260
24796	04514
24800	00150
24803	04130
24807	04020 04080
24808	04020 04080
24811	02010 04612 05340
24812	02010 04612 05340
24813	00271 00350 00360 00400 00950
24816	04020 04080
24817	04950
24826	05320
24827	04012 05200 05211 05212 05214 05215 05223
24828	05322
24829	05322
24831	04080
24832	04670
24834	00240 00983
24835	04010 04060 04210 04350 04620 04640 04650 04660 04664 04920 04930 04940 05010 05014 05310 05322 05330 05332
24842	04010 04110 04115 04210 04310 05014 05016 05200 05210 05212 05213 05214 05215 05216 05217 05218 05219 05220 05222 05223
24848	00380
24849	00010 00051 00562
24855	04115 04150 04910
24860	03320 05016
24861	00040 00053 00150 00500 00830 00860 00980 00982 00983
24862	00040 00053 00150 00500 00830 00860 00980 00982 00983
24874	04120 05200 05211
24875	04080
24881	04310 04340 04916 05200 05217
24882	04310 04340 04916 05200 05217
24884	04520 04530
24886	00590
24887	04115 04210 05014 05016 05200 05210
24888	04210 04630 05014 05200 05212 05220 05222
24889	04020 04080
24891	02010
24894	00232 00830 00982 00983
24895	00232 00830 00982 00983
24896	04020 04540 04730 04742 04912 04916
24898	05012
24902	00150 00920
24903	04610
24918	04012 04630 05200 05220 05221
24922	04080
24923	04130
24925	04020 04080 04540
24929	04020 04080
24930	04514 04612 04640 04660 05340
24931	04514 04612 04640 04660 05340
24932	04514 04612 04640 04660 05340
24934	04650
24936	04640
24938	04020 04080
24946	04610
24947	04080
24950	00120 00150 05215
24953	04080
24954	04520 04910 04930
24957	00251 00550 00910
24959	00010
24962	00260 00271 00272 00450 00910
24963	04010 04612
24967	03050
24968	03050
24973	04514 04612 04940 05320 05330 05332
24974	04514 04612 04940 05320 05330 05332
24977	04514 04612 04940 05320 05330 05332
24984	04514 04612 04940 05310 05320 05322 05330 05332
24986	04514 04612 04940 05310 05320 05322 05330 05332
24988	04514 04612 04940 05320 05330 05332
24994	04514 04612 04940 05320 05330 05332
25007	04020 04080
25008	04060 04612 04940
25009	00290 00970
25011	00590 00591 00830 00980 00982
25012	04130
25014	00071 00072 00280 00310 00380 00620 00632 00640 00650
25019	03450
25021	04514 04640 04670 04810
25022	04010 04810 05200 05215
25023	04010 04012 04020 04070 04310 04370 04510 04530 04540 04650 04662 04670 04720 04730 04912 04916 05200 05214 05223
25024	04080
25028	00230
25029	04080
25031	00562 04020 04070 04310 04540 04720 04730 04912 04916 05010 05016
25033	04080
25035	00530
25041	04020 04080
25044	00260 00272
25045	03320
25047	04664 05310
25048	04610
25050	04020 04720
25051	04080
25052	04080
25053	00982
25054	04010
25055	00120 00561
25058	00010 00051 00052 00500 00530
25059	00010 00051 00052 00500 00530
25060	00010 00051 00052 00500 00530
25062	00564
25066	04514
25069	04060
25075	04080
25081	03320
25083	04080
25084	04060 04630 04640
25085	00350 05012
25086	00590 00591 00980 00982
25094	04916 05200 05218
25095	00230
25096	00564 00565 04912
25097	00564 00565 04912
25099	04950
25100	04950
25104	00020 00252 00620
25107	04020 04080
25108	04080
25109	04640
25110	04612 04650 05332
25111	04080 04810
25112	04010 04110 04115
25114	04010 04810
25116	00140 00150
25117	00140 00150
25118	04510 04512 04640 04810
25120	00380
25122	04742
25124	04620 04630 05200 05212
25125	04630 04920 05200 05212 05221
25126	04012 04630 05200 05220 05221
25130	04130
25134	00260
25139	04910 04920 04930
25145	04640
25146	00140
25150	04360 04510 04520 04650 04660 04664
25153	04080 04614
25155	04650 04662 04664
25156	04510 04650 04660 04662 04664 04670 04810
25163	04110 04115 05200 05212 05214 05218 05219 05220 05223
25164	04110 04350 05200 05222
25166	05014
25176	04020 05012 05016
25179	00020
25186	04360
25187	04020 04080 04540
25193	04110 04115 04310 04510 04630
25194	04912
25195	04020 04080
25196	04350
25197	00510
25202	00230 04540 04730
25203	04110 04115
25205	04060 04630
25206	00230 04540 04730
25216	04512 04514
25217	04612
25229	04020 04080 04810
25231	04950
25233	04010 04012 04150 04210 04370 04510 04530 04620 04630 04660 04662 04664 04910 04920 05200 05210 05211 05212 05213 05214 05215 05218 05220 05221 05222 05223
25235	04060 04080 04630
25237	04060 04350
25242	05200 05211
25243	05200 05211
25244	00280
25245	04020 04080 04610 04810
25248	04080
25249	00130
25250	00190 05010 05012 05016
25256	00982
25257	00260 00330
25258	04514
25259	04512 04640
25260	00480 00980 00982
25261	04350
25262	04020 04070 04540 04720 04730 04912 05010 05016
25264	04080
25265	04080
25266	04010 04060 04510 04540 04810 05200 05211 05214 05215 05218
25267	04010 04020 04060 04510 04540 04810 05200 05210 05214 05215 05218
25268	04610
25270	02010
25271	03320 04920 05200 05216 05222 05223
25272	04010 04012 04310 04510 04620 04664 04910 04912 04920 04930 05200 05210 05212
25273	04340 05200 05217
25278	00190 05010 05012 05016
25280	00601 00603 00604
25282	00190 05010 05012 05016
25283	00480
252833	04350
252834	04350
252835	04350
252853	04130
252857	04670
252859	04020 04080
25287	00071 03320
252878	04060
25288	00071 03320 04920
252881	04530
252887	04740
25289	00230 04540 04742 04912 04916
252898	03320
252899	00053 00562
25290	00590 00591
252900	00561 00830
252917	04710
252931	00361 00591 00830 00980 00982 00983
252934	00190 05010 05012 05016
252942	04530
25296	04340 04350 05200 05217
252963	04060 04630
25297	04010
252971	04120 04630 04910 04930
25300	04650 04660
25302	04020
25303	02010
25304	04350 04510 04512
25309	04115 04210 05010 05012 05014 05016 05200 05210 05222
25310	04115 04210 05010 05012 05014 05016 05200 05210 05222
25311	04360 05200 05210
25313	04010 04012 04060 04510 04540 04810 05200 05212 05213 05214 05215 05218 05219 05223
25315	00980
25316	04664 05310
25317	04010 04810 05200 05218
25319	00860
25321	04080
25322	00150
25323	04080
25324	04020 04080
25325	04060 04630 04660 05310 05320 05322 05330
25326	04630 05340
25329	04080 04912
25330	04910
25331	00271 00450
25334	04950
25335	04310
25336	04612
25337	04612
25340	04080
25341	04060
25342	04020 04080
25343	04740
25347	03010
25348	03010
25351	04930 04950
25353	04510 04512 04620
25354	04080
25355	00150 00920
25356	04514
25360	04080 05320
25361	04514 04670
25363	00071
25364	04742
25366	04060 04350
25368	00230
25369	04020 04080
25370	04080
25372	04740
25374	00860
25375	00010 00340 00350 00360 00980 00982
25378	04060 04350
25383	00791
25385	04010 04060 04210 04650 04940 05200 05320 05330 05332
25387	04010
25388	04010 04740
25391	04020 05010
25398	04010 04020 04730 04742 04930
25399	04010
25400	04012 04020 04310 04720 04740 04912 04916 05214
25402	04010 04115 04210 04650 05010 05012 05014 05016 05200 05210
25404	04510
25405	04115
25406	04512 04640
25407	04610 04640
25408	04514 04620 04940 05320 05322 05330 05332
25412	04510 04512
25413	00071 03320
25414	04510 04670 04810
25416	04360
25426	00380 00980
25427	00100
25428	00120 03320
25432	04080
25433	04012 04912
25438	00010
25439	04020 04080 04610 04810
25440	03320
25443	04010 04810 05200 05218
25444	04010 04810 05200 05218
25445	04310
25447	04080 04912
25449	04080
25450	04080
25451	04080
25455	00790
25456	04080
25458	00480
25459	03410
25460	04512
25461	04020 04080
25464	04514 04650 04670
25466	04060 04210
25467	04910 04920 04930
25473	04510 04512 05200 05222
25477	04020 04080
25482	04010 04530 04810
25488	00190 05010 05012 05016
25489	04120
25493	04210 04620 04660 04662 04920 05200 05215 05220 05222
25495	04350
25496	04330
25505	04020 04080
25509	04950
25511	00260 00564
25513	04012 04070 04150 04210 04370 04510 04620 04630 04650 04660 04662 04664 04670 04810 04910 04930 05200 05210 05211 05212 05213 05214 05215 05218 05220 05221 05222 05223
25514	00564
25515	04110
25520	04910 04920
25522	04530 04910 04930
25523	04540 04730 04740
25526	00590
25527	00590
25534	05014
25537	04310 04350 04360 04510 04670 04810
25541	03320
25542	04060 04620
25544	04514
25549	05012
25554	04520
25555	04080
25559	02010 04930
25560	02010
25567	04510 04512
25570	04020 04080
25572	04060
25573	04120
25576	04110
25577	04110
25578	04110
25579	04010
25581	03050
25584	04610
25585	04350
25586	00361 00790
25587	04350
25589	04060 04370 04510
25591	03410
25592	04512
25593	04080
25594	04510 04720 04810 04910
25596	00510
25597	04010
25598	03320
25599	04612
25601	04080
25605	04080
25608	04060 04080 04630 04920
25610	04060 04630 04640
25611	00220 00330
25612	00252 00910
25614	04012 04360 04370 04510 04670 04810 05200 05222
25615	04512 04514
25617	04612
25618	00071 00280
25619	04610
25621	04662
25622	04630 04650 04670 04920 05211 05220
25623	00500 04910
25624	04130
25625	04010 04060 04210 04920 05010 05014
25627	04614
25629	03320
25630	00010 00230 00620 04910 04930
25631	04110 04310 04350 04520 05200 05210 05212 05220
25634	00010 00052 00500 04910 04920
25635	04080
25636	04010 04020 04210 04310 04340 04540 04720 04740 04742 04910 04912 04916
25637	04020 04080
25638	00230
25640	04950
25642	00361 00591 00830 00980 00982 00983
25643	04360 04530 04540 04670 04730 04916
25644	04340 04350
25645	04020 04080
25647	04060 04630 04640
25649	03320
25651	04514
25652	04020 04080
25653	04080 05320
25654	04510 04512
25659	00051
25660	04514 04660 04940 05320 05322 05330 05332
25661	04510 04512 04810 05200 05222
25663	04010 04060 04210 04640
25664	03320 05016 05200 05216
25666	00561 00564 04070
25668	00760 04020 04640
25669	04940
25670	04060 04630
25671	04350
25674	04080
25675	00100
25676	04010 04360
25679	04020 04070 04540 04720 04730 04742 04912 05010
25682	03320 04310 05200 05221
25686	04360 04530 04540 04670 04730 04916
25689	04020 04080
25692	04610
25693	05012
25697	04612
25698	00220 00252 00330
25699	00350
25700	05010
25702	00561
25704	04060 04630 04640
25706	04020 04080
25707	04060 04630
25709	00860
25710	04640 04660 05340
25711	00230 04540 04730
25712	03050 04060 04140 04350 04630 04650 04660 04940 05322 05330 05332
25713	04510 04512 04514 04810
25717	04010 04110 04350 05200 05210 05211 05212 05220
25718	04510 04520 04730 05200 05210 05214 05215 05218
25721	00251 00252 00272 00330 00350 00360 00400 00950
25724	04510 04512 04810
25725	04210 04910
25726	04080
25728	05010
25729	04110 04115 05200 05215 05222
25730	04010
25732	00361 00740
25735	04950
25736	04742
25737	03030 03410 03420 03430 04110
25738	00562 04012 04020 04070 04370 04650 04660 04664 04670 05200 05214 05223
25739	00500 04910
25740	04730
25741	00010 00030 00051 00052 04910
25745	04530 04810
25746	04060 04630
25747	03320 04920
25748	00260 00860
25750	00220 00260 00340 00350 00360 00380 00982
25752	04514
25756	00071 03320 04920
25757	00071 03320 04920
257645	04510 04512 04810
257648	04010 04020 04742 04930
259171	03450 05340
259233	00480 00590
260319	04080
260320	04610
260430	04080
26192	00190 05010 05012 05016
26193	00190 05012
26194	00190 05012
26195	00190 05010 05012 05016
26196	00190 05010 05012 05016
26197	00190 05010 05012 05016
26198	00190 05010 05012 05016
26199	00190 05012
26200	00190 05012
26201	00190 05012
26202	00190 05012
26203	00190 05012
26204	00190 05010 05012 05016
26295	00512
266603	00010 00340 00350 00360 00980 00982
266604	00590
266608	04310 04916 05200 05210 05217
266610	04210 04620 05010 05200
266674	00071 00590 00830 03320
266682	00361 00591 00830 00980 00982 00983
266684	00982
266685	00040 00053 00150 00500 00830 00860 00980 00982 00983
266686	00830
266689	00590
266705	04730
266708	04080
266713	03420
266715	04310 04916 05200 05210 05217
266758	03060
266759	04612
266770	00120
266975	00260 00970
26759	01040
26954	04150 04910
26955	04520 04530 04670
26956	00240
26962	03010
27139	03010
282581	04310 04916 05200 05210 05217
282582	04310 04340 04916 05200 05217
282636	00562 04070
282832	04060
282839	04080
28298	03010
286896	00600
286904	00590
286905	00590
286913	04740
286924	04742
286928	04810
286936	00440 00564
286953	00590 00830 00980 00982
286954	00040 00053 00150 00500 00830 00860 00980 00982 00983
286959	04740
286960	04080
286962	00190 05010 05012 05016
286963	00982
286970	02010
286974	00532
286976	00512
286993	04010
287000	04740
287001	04740
287002	04740
287003	04742
287034	04060
287077	04740
287080	04740
287081	04740
287082	04740
287083	04740
287084	04740
287086	04740
287088	04740
287090	04740
287093	04740
287098	04514 04530 04670
287099	04514 04530 04670
287101	04110
287155	04120
287159	00563
287191	00330 00970
287232	04740
287236	04740
287237	04740
287240	04740
287241	04740
287245	04740
287247	04740
287259	04740
287262	04740
287280	04110 04120 04310 04350
287287	04060 04630 04640 04660 04664 05310 05320 05330
287309	04740
287310	04740
287313	04740
287314	04740
287316	04740
287318	04740
287321	04740
287322	04740
287324	04740
287325	04740
287328	04740
287329	04740
287331	04740
287336	04740
287343	04740
287347	04740
287349	04740
287357	04310 04340 04916 05200 05217
287363	04740
287368	00230 00240 00760
287379	00260 00460 00670 00680
287398	04010 04012 04620 04664 04912
287408	04530
287417	03010
287420	00230
287422	04710
287425	00590
287437	04060
287480	04740
287481	04740
287484	04740
287487	04740
287489	04740
287496	04740
287501	04740
287502	04740
287506	04740
287508	04740
287509	04740
287511	04740
287513	04740
287514	04740
287516	04740
287517	04740
287520	04740
287524	03030 03420 03430 03440
287527	04610
287533	00562 04070
287585	04115
287613	04740
287614	04740
287634	03440
287644	00564
287659	04630
287670	03050
287673	04060
287716	03050 04612
287745	00562 04020 04070
287772	03050
287871	04150 04910
287876	04510 04520 04530 04670 04810
287877	00330
287920	00512
287924	00400 00970
287930	03440
287942	04010 04012 04510 04810 04910 05200 05211 05220
287961	04110
287968	04740
287969	04740
287970	04740
287973	04740
287983	00510
287984	03050
287988	00230 00240 03020 05016
287989	04360
288003	03030 03420 03430
288041	00563
288051	00240 00983
288057	04020 04510 04810
288058	01040
288077	04530
288088	00190 05010 05012 05016
288124	04514 04520
288161	00601 00603
288183	04740
288184	04740
288185	04740
288186	04740
288187	04740
288190	04740
288192	04740
288196	04740
288198	04740
288199	04740
288227	05010
288238	00563
288240	00780
288259	00230 00670
288264	04060 04620 04630 04650
288280	04514
288333	00500
288346	00310
288414	03030 03420 03430
288455	03050
288469	04120 04350
288479	03430
288490	04740
288521	04514
288532	03030 04110
288533	03022
288583	00310
288588	00230 00240 03020 05016
288611	00512
288651	03022 03420
288669	04810
288671	04110 04120
288752	00601
288774	04630
288789	04740
288790	04740
288792	04740
288795	04740
288797	04740
288798	04740
288801	04740
288803	04740
288805	04740
288806	04740
288808	04740
288810	04740
288811	04740
288813	04740
288816	04740
288818	04740
288822	04740
288823	04740
288828	04740
288829	04740
288831	04740
288832	04740
288835	04740
288838	04740
288839	04740
288840	04740
288850	04740
288851	04740
288854	04740
288858	04740
288861	04740
288866	04740
288869	04740
288875	04740
288876	04740
288878	04740
288879	04740
288880	04740
288881	04740
288886	04740
288887	04740
288891	04740
288917	00400 00970
289014	04010 04370
289021	04070
289032	00530
289036	04920
289144	04310
289211	04662 05322
289217	00020 00190 05010 05012 05016
289218	00190 05010 05012 05016
289219	00860
289229	04310
289231	04330 05010
289239	04740
289240	04740
289241	04740
289247	04740
289250	04740
289251	04740
289254	04740
289255	04740
289260	04740
289261	04740
289276	00230 00252
289322	00600
289337	04620
289352	00251 00330 00860 00970
289392	04360
289395	04610 04640 04662
289407	00190
289508	04115 04120
289533	00040 00053 00150 00500 00830 00860 00980 00982 00983
289561	00230 00240 03020 05016
289606	04080
289608	00530
289623	04120
289662	03410
289668	00330 00480
289747	04060 04630
289757	03450
289758	00230 00240 03030 03410 03420 03430 03440
289759	04510 04530 04670 04810
289784	05322
289801	00240 00983
289827	00040 00052 00500 00520
289923	04740
289924	03050
289934	00061
289950	00010 00020 00290 00620 00650
289989	05322
289990	03050
290001	04740
290002	04740
290003	04740
290005	04740
290006	04740
290008	04740
290009	04740
290010	04740
290018	04740
290019	04115 04210 05010 05012 05014 05016 05200 05210 05222
290020	04740
290027	03410
290049	04740
290050	04740
290055	04740
290056	04740
290202	04740
290206	03050
290257	04080 04614 05322
290291	04150
290300	04060
290315	00260
290396	04810
290484	00350 04916
290485	04514 04530 04670
290551	00260
290552	00510
290561	04020
290562	04360
290564	00150 00340 00350 00380 00440 00450
290566	00020 00310 00380
290567	00564
290604	00010 05010
290627	04130
290636	00030
290638	00601
290641	03010
290644	04612
290651	00562
290681	00232 00983
290685	00030
290729	03410
290741	00240
290789	04514 04530 04670
290831	00310
290868	00251 00970
290875	04110 04120
290905	04510 04512 05200 05222
290907	03450
290923	00511
290957	04740
291023	04350
291081	04540
291095	00051
291103	00190 05010 05012 05016
291105	04110 05200 05212 05214 05215 05218 05219 05220 05222 05223
291113	05322
291132	00563
291133	00251 00650
291152	05322
291157	05322
291159	05322
291161	04740
291172	04740
291245	04510 04520 04530 04670 04810 05322
291287	04540
291324	00271
29134	04310 05200 05210 05213 05217
291361	04740
29139	04350
29142	00770
291434	03010
291437	00561
29144	04612
29146	04330
29147	04330
29153	04210 05010
29154	04210 04510 05010
291543	00010 05010
291545	00010 05010
291553	04120
291556	00252 00970
29157	04115
291577	00532
291582	03320
29161	04510
291624	00290 00970
291660	00190 05010 05012 05016
29167	05016
291678	04310 04340 04916 05200 05217
291685	03060
291689	04110 04120
29169	04510 04512
291703	03420
29171	03320
291773	03022 05016
291794	05322
291795	00230 00240 03020 05016
291819	00910
29183	04012
29184	03320 04512 04640 04920
29185	04640
291885	03030 04110
29192	04310 04330 05010
291923	02010
291926	04020 04510 04810
291927	04110
291929	04740
291936	04340 05200 05217
29194	00260 00564
29195	04510 04512
291969	00190
29197	04060
291983	03050
291999	04120
29200	04350
29201	04060 04630
29202	04360
292023	00252 00970
292028	00300 00970
29204	00511 00600
292072	00230
29210	04360
29213	04540
29214	04540
29215	00220 00330
292155	00534
29216	04340
29219	05010 05012
29220	04350 04510 04512
29221	00220 00330
29223	00230
29224	00590
29225	00960 00983
292279	04670
292282	04130
29230	00100 00900
292324	04740
292325	00512
29234	04080
29235	04080
29236	03010
29238	04080
29240	03410
292406	04350 04510 04512
292409	04080
29241	00230 04020 04540 04720 04742 04912 04916
29242	00910
29243	04610
29244	00790
292483	04130
292485	00511
29251	04080 04610 04810
29253	00220 00260 00340 00350 00360 00380 00982
29254	00561
292559	04740
29256	04080
292560	04740
292561	04740
292563	04740
29257	03010
29258	03010
292588	04120
29259	04514
29260	04620
29261	00240 00670
29263	04060 04350
292661	04080
292673	03420
292683	04530
292699	04012 04120 04630 04660 04910 05200 05220
29270	00790
29271	04360 04810
292728	00590 00830 00980 00982
292732	04330
292756	04012 04360 04510 04660 04810 05211
292759	00260 00970
292763	04010
292766	03050
29277	00590 00591 00830 00902 00903 00980 00982
292778	00230 00240 03020 05016
292788	04330 05010
292804	00010 00030 00500
29282	03010
29283	03010
29284	03010
29285	03010
29286	03010
29287	03010
29288	03010
292892	04620
29290	04080
292915	00150 00920
292949	04115
29295	00590 00830 00980 00982
292964	03010
29298	00590 00591 00830 00980 00982
292994	04520 04530 04540
292999	00532
29301	00340 00910
29302	04510 04512 04640 04810
29304	03010 04150 04910
293042	04360
293070	04740
293072	04740
293075	04740
293081	04740
293083	04740
293085	04740
29309	00130
293091	04740
29310	04080
293128	00252 00970
293129	00510
293130	00190 05010 05012 05016
293140	04740
293144	00230 00240 03030 03410 03420 03430 03440
29316	04020 04080
293188	04740
293189	04740
293190	04210 04630 05014 05200 05212 05220 05222
293192	04740
293193	04740
293195	04740
293197	04740
293198	04740
293201	04740
293205	04740
293210	04740
293211	04740
293214	04740
293215	04740
293218	04740
29322	00562 04020 04070 04310 04540 04720 04730 04912 04916 05010 05016
293221	04740
293222	04740
293223	04740
293224	04740
293226	04740
293227	04740
293228	04740
293232	04740
293233	04740
293234	04740
293238	04740
293240	04740
293242	04740
293243	04740
293244	04740
293245	04740
293246	04740
293247	04740
293250	04740
293251	04740
293253	04740
293255	04740
293256	04740
293257	04740
293258	04740
29326	00480 00590
293260	04740
293262	04740
293263	04740
293268	04740
293271	04740
293273	04740
293278	04740
293279	04740
29328	00480 00590
293280	04740
293281	04740
293282	04740
293285	04740
293289	04740
293301	04740
293302	04740
293303	04740
293304	04740
293305	04740
293309	04740
293312	04740
293314	04740
293315	04740
293316	04740
293318	04740
293319	04740
29332	04010
293321	04740
293325	04740
293327	04740
293328	04740
293329	04740
29333	04610
293330	04740
293333	04740
293334	04740
293336	04740
293338	04740
293339	04740
293340	04740
293342	04740
293345	03022
29335	04080
293350	04740
293351	04740
293353	04740
293355	04740
293357	04740
293358	04740
293361	04740
293362	04740
293364	04740
293365	04740
293367	04740
293368	04740
293369	04740
29337	00562 04012 04020 04070 04370 04650 04662 04664 04670 05200 05214 05223
293370	04740
293373	04740
293374	04740
293375	04740
293377	04740
293379	04740
293381	04740
293382	04740
293383	04740
293384	04740
293387	04740
293389	04740
293390	04740
293391	04740
293392	04740
293394	04740
293398	04740
293399	04740
29340	04530 04664 04930
293400	04740
293402	04740
293421	04740
293424	04740
293425	04740
293429	04740
293431	04740
293435	04740
293437	04740
293439	04740
293448	00190 05010 05012 05016
293451	00534
293453	00190 05010 05012 05016
29348	04010 04810 05200 05218
29349	04010 04810 05200 05218
293504	00760
293508	04010 04020 04210 04310 04340 04540 04720 04740 04742 04910 04912 04916
29353	04020 04910
293539	05016
29354	00564 00565 00590 00591 00592 04010 04370 04664 04730 04912
29357	04110 04310 04350 04520 05200 05210 05212
29358	04080
29359	00564 00565 00590 00591 00592 04010 04370 04664 04730 04912
293590	04740
293594	04740
293595	04740
293596	04740
293597	04740
293598	04740
293599	04740
293600	04740
293601	04740
293603	04740
293605	04740
293607	04740
293609	04740
293620	00564
293621	04010 04012 04360 04370 04510 04530 04540 04650 04660 04662 04664 04720 04730 04810 04910 04912 04916 05200 05211 05213 05214 05215 05216 05218 05219 05220 05221 05223
293624	04620
29363	04060
293638	00272 00970
29364	04512
29365	04530
293650	00190
293652	00190 05010 05012 05016
293653	00252 00340
293655	00190 05010 05012 05016
293660	04360
293667	00533 00601
29367	00260 00564
293678	03440
29368	04010 04810 05200 05218
293688	00100
29369	04010 04810 05200 05218
293694	04010
293699	00190 05010 05012 05016
293721	00510
293722	00532 00534
29373	04340 04350 05200 05217
293759	04740
29376	04910 04920 04930
293761	04740
293762	04740
293763	04740
293764	04740
293765	04740
293769	04740
293773	04740
293774	04330
293781	04740
293785	04740
293788	04740
293789	04740
293793	04740
293794	04740
293803	04740
293805	04740
293808	04740
293809	04740
29381	04010 04060 04350 04520 05200 05210 05212 05220
293810	04740
293812	04740
293813	04740
293815	04740
293816	04740
293817	04740
29382	04310 04330 05200 05220
293820	00260 00750
293829	00280 00640
29383	00350 00643
29384	05322
293847	04010
29385	04060
293860	04010 04510
29387	00564 00565 00590 00591 00592 04010 04370 04664 04730 04912
293876	00010 05010
293878	04740
293897	04310
29392	05010
29393	04510 04512
293990	04310 04340 04916 05200 05217
293991	00190 05010 05012 05016
294018	03022
294051	03450 04640
29407	04742
29409	04514
294109	04740
29411	00062
29412	04020 04080
294121	04080
294122	04080
294123	04080
294124	04080
294125	04080
294126	04080
29413	04020 04080
294130	04080
294131	04080
294133	04080
294134	04080
294138	04740
29414	04010 04012 04150 04210 04370 04510 04530 04620 04630 04660 04662 04664 04910 04920 05200 05210 05211 05212 05213 05214 05215 05218 05220 05221 05222 05223
294140	04740
294143	04740
29415	04080
294150	04740
294151	04740
294152	04740
294155	04740
294157	04740
294158	04740
294159	04740
29416	00300 00310 00380
294161	04740
294162	04740
294164	04740
294166	04740
294175	04740
294183	04740
294186	04740
294187	04740
294188	04740
29419	04330
294190	04740
294196	04740
294197	04740
294198	04740
294203	04740
294204	04740
294213	04514 04612 04940 05320 05330 05332
294228	04514 04612 04940 05320 05330 05332
294236	03022 03420
29424	05016
29425	03050
294251	04650
294254	04010 04612
294257	04610
29426	03010
294269	04514 04612 04640 04940 05310 05320 05322 05330 05332
294270	04514 04612 04640 04940 05310 05320 05322 05330 05332
294273	04514 04612 04940 05310 05320 05322 05330 05332
294274	04514 04612 04940 05310 05320 05322 05330 05332
294281	04514 04612 04940 05320 05330 05332
294282	03010
29430	05016
29431	04010 04012 04360 04510 04650 04660 04810 05211
29432	04010 04012 04360 04510 04660 04810 05211
294320	00620
294324	00561 00564 00565
294328	04120 05340
29433	04012 04360 04510 04660 04810 05211
294331	04120 05012
294337	04510 04512
29434	04010 04660
29436	04610
294376	05016
294410	00510
29443	00271 00450
294449	00534
29445	00190 05010 05012 05016
294504	00190
294515	05213 05223
294518	04115
29452	05200 05211
294568	04520 04810
29458	04950
29462	04020 04080
29467	04010
294673	00511 00530 00531 00603 00604
29468	04612
29469	04620
294693	03022 03420
29470	00062
29471	04080
29473	00260 00350 00360 00410 00960
29476	04514
29477	04010 05010
29478	00190 05010 05012 05016
294790	04110 04120 05200 05222
294797	04060 04630 04640 05340
294810	00260 00970
29482	05014
294844	00010 05010
29487	00480 00980 00982
29492	04330
294924	04010 05200 05220
29495	05016
29496	04012 04020
294964	00190 05010 05012 05016
294972	00280
29498	00790
29499	04340 05200 05217
295037	00480 00980 00982
295051	00510
295052	04110 05221
29507	00190 05010 05012 05016
29508	04612
295088	00230 00251 00983
29513	04010 04370 04620 04664 04670 04912 05014
295144	04080
29516	00230 04910
295180	00550
29524	04360 04810
295252	04120
29526	00564 00565 00590 00591 00592 04010 04370 04664 04730 04912
29527	00590 04370 05200 05222
295274	05322
295277	05322
295278	05322
295279	04640 05322
29528	04130
29530	04060 04350
29531	00350 00360
295319	00510
295347	04010 04510 04670 04720 05211
29535	04930 04950
295378	04510 04650 04660 04662 04664 04670 04810
295382	04360
29539	00010 00053 00071 00120 00220 00280 00310 00340 00380 00410 00561 00620 00640 00641 00650 00903
29540	00100 00150
29541	03410
295420	00010 05010
295423	00010 05010
295430	00534
295445	04310
29545	05012
29554	00010 00020 00290 00620 00650
295543	00563
29555	04080
29556	04530
29557	04530
295589	04742
29559	04080
295596	04110
29560	04150 05200 05211
29562	00030 00230
295620	00240 00983
29566	00430 00450 00460 00480 00590
29568	04010 04540
295686	04120
295703	04610
295704	04120 05012
295710	04740
295711	04740
295712	04740
295713	04740
295715	04740
295719	04740
295720	04740
295721	04740
295723	04740
295724	04740
295725	04740
295728	04740
295729	04740
295730	04740
295732	04740
295734	04740
295735	04740
295736	04740
295739	04740
295741	04740
295743	04740
295744	04740
295746	04740
295747	04740
295748	04740
295750	04740
295751	04740
295754	04740
295758	04740
295759	04740
295763	04740
295765	04740
295766	04740
295767	04740
295768	04740
295769	04740
29577	04330 04950
295771	04740
295772	04740
295776	04740
295781	04740
295786	04740
295790	04740
295792	04740
295795	04740
295797	04740
295798	04740
295799	04740
29580	00100 00900
295801	04740
295806	04740
29581	04020 04080 04540
295810	04510 04520 04530 04670 04810
295813	04740
295814	04740
29582	00510
295822	04740
295824	04740
295827	04740
295828	04740
295829	04740
29583	04514 04670
295834	04740
295835	04740
295836	04740
295839	04740
295843	04740
295848	04740
295852	04740
295858	04740
295862	04740
295863	04740
295864	04740
295865	04740
295869	04740
295870	04740
295875	04740
295876	04740
295878	04740
295880	04740
295881	04740
295884	04740
295885	04740
295890	04740
295891	04740
295892	04740
295896	04740
295900	04740
295902	04740
295907	04740
29591	04010 04060 04350 04520 05200 05210 05212 05220
295910	04740
295914	04740
295917	04740
295919	04740
29592	00280 00290 00770
295923	00190 05010 05012 05016
29593	00330
295934	00533
29595	04020 04080 04540
295953	05340
29597	04080
29598	04020
29599	04020
29600	04020
296001	04740
296003	04740
296004	04740
296005	04740
296010	04740
296016	04740
296022	04740
296023	04740
296026	04740
296028	04740
296035	04740
296037	04740
296042	04740
296044	04740
29605	04530
296072	04630
296076	03060
296078	04012 04360 04510 04660 04810 05211
29611	00280
296117	00052
296137	04110
29614	03050 04612
29616	04514 04520
296161	04120
296169	03050
29622	05200 05210 05212
29623	00040 00053 00150 00500 00830 00860 00980 00982 00983
296259	00010 00620 00640 00720
29627	04080 04720 04730 05014
29628	04080 04730
29629	04080
29630	03050 04612
29631	04130
296313	04510 04530 04670 04810
29632	00140 00150
29633	00534
29634	00010 00272 00620 00640
29636	04080
296360	00563
296368	04120
296369	04020
29637	00072 00280 00650
296370	04614
296371	03320
296394	00510
29640	00510 00563
29643	04512
29644	04010
29645	04520
296456	04510 04512 04514 04810 05200 05222
29646	00010 00071 00120 00350 00624 00641 00830 00980 00982
29647	04530
29650	05010
29651	00010 00053 00071 00120 00220 00280 00310 00340 00380 00410 00561 00620 00640 00641 00650 00903
29653	00561 00564
296545	04610 05322
296554	04540
296558	04110 04120
296564	00601
29657	04710
296571	00051 00530 00730 00740
29658	04010
29659	04020 04080
296596	03010
296603	04510 04650 04660 04662 04664 04670 04810
296624	00510
29665	04020 04080
296654	04810
296658	00190 05010 05012 05016
29666	03050
296661	04740
296663	04740
296666	04740
296667	04740
296669	04740
296672	04740
296675	04740
296677	04740
296678	04740
296679	04740
29668	03050
296682	04740
296684	04740
296685	04740
296686	04740
296687	04740
296689	04740
29669	03050
296690	04740
296694	04740
29670	03050
296709	03010
29671	03050
296710	04810
29672	03050
29673	03050
29674	03050
29675	03050
29676	03050
29677	03050
296787	04360
296789	04360
29680	00140
29683	04612 05332
29684	04612
29685	03030 04110
296851	00361 00363
29687	04610 05322
29688	00562
296883	03030 03420 03430 03440
29689	04080
29691	00230 04020
29692	00564 00565 00590 00591 00592 04010 04370 04664 04730 04912
29693	04020 05010
29694	04080
29695	04080
296953	04620
296973	00010
296981	00190
29699	04210 04910
29702	05010
297029	00480 00980 00982
29705	04080
29707	04080
29708	04080
29709	04080
29711	00280
297113	00260 00970
29714	04940
29715	04020
29716	04010 04020 04912 04930 05010
29717	04010 04020 04930
297176	04110
29722	05010
29725	00120 00430 01040
29728	03030 04110
29733	04080
297357	04520 04530 04670 05200 05213
297376	05012
297389	00230
29739	00480
297393	00530
29740	00071
29741	04012 04070 04150 04210 04370 04510 04620 04630 04650 04660 04662 04664 04670 04810 04910 04930 05200 05210 05211 05212 05213 05214 05215 05218 05220 05221 05222 05223
297417	00251 00530
29744	04360
29745	04360
29748	04010 04020 04210 04310 04360 04370 04650 04660 04662 04720 05010 05014
29749	04010 04020 04210 04310 04360 04370 04650 04660 04662 04720 05010 05014
29750	00512
297508	00760
29751	04360
297518	04810
29752	03010
29753	04110
29754	00190 05010 05012 05016
297554	00532
297561	03440
297566	00190
29757	00190
29758	00604
297604	04060
297682	04010
297755	03010
297795	04080
297797	00190
297893	04110 04330 05016 05200 05220
297930	04120
297932	00190
297961	04120 05012
297969	00330 00970
297990	00190 05010 05012 05016
298003	00052 00520
298012	03420
298016	00010 05010
298038	04740
298039	04740
298040	04740
298042	04740
298044	04740
298045	04740
298046	04740
298049	04740
298071	00530
298074	03420
298079	00010 00053 00071 00120 00220 00280 00310 00340 00380 00410 00561 00620 00640 00641 00650 00903
298098	00230 00240 03030 03410 03420
298103	00190
298182	00350 04916
298205	04060 04140 04612 04620 04630 04650 05320
298210	04060 04140 04612 04620 04630 04650 05320
298211	04060 04140 04612 04620 04630 04650 05320
298213	04060 04140 04612 04620 04630 04650 05320
298220	04060 04140 04612 04620 04630 04650 05320
298221	04060 04140 04612 04620 04630 04650 05320
298288	04610 05322
298298	00100
298317	04120
298370	00480
298376	00480 00590
298394	04740
298396	04740
298397	04740
298410	00240
298423	00071 00590 00830 03320
298451	00190
298468	04740
298474	04740
298475	04740
298476	04740
298478	04740
298487	04514 04530 04670
298518	04060 04630 04640 05200
298521	04080
298524	05016
298566	04610 05322
298575	05012
298596	00020 00190 05010 05012 05016
298607	00220
298652	04120
298655	00030
298657	00910
298689	04120 05012
298690	00532 00534
298724	04740
298733	04740
298734	04740
298762	00190 05010 05012 05016
298795	04110 04115
298881	00230 00240 00760
298933	03030
298934	00363 00624
298941	04510 04512 05200 05222
298942	00010 00020 00260 00280 00620
298947	00562 04012 04070 04150 04210 04370 04510 04620 04630 04650 04660 04662 04664 04670 04810 04910 04930 05200 05210 05211 05212 05213 05214 05215 05218 05220 05221 05222 05223
298954	00030 00230
298975	04810
299012	04510 04670
299052	00010 00030 00051
299084	03030 03410 03420 03430 04110
299105	04020 05012 05016
299112	00230 00240 03030 03410 03420
299147	04310
299159	00190
299195	00130
299201	00020 00310
299219	04330
299331	04612 05200 05215
299553	04740
299570	04740
299576	04740
299582	04740
299586	04740
299588	04740
299589	04740
299593	04740
299596	04740
299606	05322
299609	02010
299611	04310 04810 05200 05210 05213 05217
299618	04010 04910
299643	00190 05010 05012 05016
299691	04710
299732	00590
299737	04360
299825	00531
299827	04620
299850	05016
299851	00271 00450 00970
299857	00260 00460 00670 00680
299858	05010
299907	00534
299954	00190 05010 05012 05016
299971	00190
299976	00230 00240 00480 04115
300046	00563
300047	00190 05010 05012 05016
300067	00750
300078	05016
300079	03010
300084	03420 04110 04120 04310 04350 05200 05211
300089	00051
300121	04110
300126	04115
300129	00600
300160	05012
300177	04210 04620
300194	04740
300199	04740
300202	04740
300205	04740
300218	04540
300253	04150
300284	00510
300339	03320 05200 05219
300392	04740
300395	04740
300400	04740
300405	04740
300407	04740
300408	04740
300411	04740
300414	04740
300425	04740
300447	04010
300514	04115
300519	04514 04670
300524	04740
300525	04740
300529	04740
300538	04740
300540	04740
300548	04740
300549	04740
300551	04740
300552	04740
300554	04740
300557	04740
300558	04740
300560	04740
300565	04740
300566	04740
300567	04740
300568	04740
300573	04740
300576	04740
300577	04740
300581	04740
300583	04740
300584	04740
300589	04740
300595	04740
300599	04740
300600	04740
300602	04740
300603	04740
300605	04740
300607	04740
300610	04740
300613	04740
300615	04740
300616	04740
300620	04740
300621	04740
300624	04740
300625	04740
300626	04740
300627	04740
300630	04740
300632	04740
300634	04740
300635	04740
300637	04740
300639	04740
300640	04740
300643	04740
300664	02010
300668	00510
300677	00190
300678	04640 04660
300711	04110 04115 04210
300741	00051
300772	04120 04630 05200 05222
300886	00670
300901	00310
300920	04514 04530 04670
300944	04110 04115
300948	04120
300955	04012 04660
300980	04010
300981	00220
300985	03410
300989	00150 00340 00350 00380 00440 00450
300992	04010
301000	04120 05012
301005	00230 00983
301011	00190 05010 05012 05016
301013	04115
301059	04210 04620
301062	04210
301066	04060
301086	04060
301088	04060
301112	04530
301123	00190
301132	04060
301133	04060
301164	04330
301233	04740
301246	00230 00240 03020
301252	04612 05200 05215
301254	00252 00970
301276	00280 00640
301289	04060
301323	00230 00240 03030
301346	04360
301348	04650 04660 05340
301363	04010
301365	04060
301382	03420
301384	00280 00410 00640
301427	00190 05010 05012 05016
301430	04110
301438	03010
301440	04310 04916 05200 05210 05217
301458	00190 05010 05012 05016
301482	02010
301511	04810
301516	04340 05200 05217
301517	00120 03320
301543	00600
301544	00400 00970
301555	04120
301574	04150
301595	00040 00053 00150 00500 00830 00860 00980 00982 00983
301610	04740
301611	04740
301626	04514 04660
301628	00010 05010
302027	04740
302041	04740
302044	04740
302045	04740
302087	04740
302254	04740
302302	00532
302365	04130
302378	04080
302395	02010
302424	04060
302425	00561 00830
302470	04610
302489	00534
302499	00512
302502	03420 04120
302553	00310
302668	04614
302711	04310
302783	05322
302821	04740
302823	04740
302824	04740
302825	04740
302915	00051
302938	04120
302950	00230 04020 04540 04912 04916
302954	04740
302958	04740
302965	04060
302972	00530
302983	04010
303024	04120 04310 04340
303073	04810
303100	00510
303101	04330
303175	05322
303179	00230
303183	04130
303185	05211
303194	03440
303200	04010 04620 04664 04912 05014
303206	04140 04150
303218	00534
303242	05016
303272	00260 00310
303277	00563
303285	05200 05222
303296	04740
303342	04810
303353	03050
303369	03410
303375	03440
303393	00190 05010 05012 05016
303414	05310
303448	00010 05010
303471	04010
303478	04120
303539	04330
303563	00220
303586	04310 04340 04916 05200 05217
303604	04010 04912
303605	04150
303614	04120 04350
303634	04730 04810
303689	04120
303693	00510
303702	00511
303747	04640
303811	04310 04330 04916 05200 05210 05217
303823	04010
303889	00010 05010
303901	04360
303918	03022
303923	00533 00601
303968	05016
304000	04530
304023	00601
304024	00860
304026	04740
304073	04514 04530 04670
304091	04060 04630
304109	04810
304124	04514 04530 04670
304125	04514 04530 04670
304314	04660 04662
304322	00532 00920
304388	04514 04530 04670
304407	04514 04530 04670
304429	00260
304490	04110 04120
304522	04120
304528	03030 03420 03430
304530	04010
304542	00130
304573	00230 00240 03030 03410 03420
304577	03410 05340
304580	04810
304591	04330
304610	04740
304633	04740
304657	00230 00240 00480 04115
304719	03420
304729	04340 05200 05217
304786	04010
304798	04115
304805	00530
304833	05322
304860	00530
304862	05200 05216
304883	04012
304913	04510 04512
304917	04610
304919	00252 00970
304929	04610
304962	05010
304966	04650 05322
304971	05014
304985	04740
304990	04740
304991	04740
305000	03430
305078	04510 04512 05200 05222
305081	04514 04640
305149	00230
305236	04060 04620
305264	00040 00053 00150 00500 00830 00860 00980 00982 00983
305268	04120
305311	04670
305341	04670
305348	00785
305353	04620
305420	04110 04120
305450	04650
305509	00230 04020 04540 04720 04912 04916
305539	04630
305571	00533 00601
305600	04120
305679	04510 04520 04670 04810
305711	04740
305816	00960
305828	04630 04910 04930
305841	04740
305889	00730
305896	04630
305897	04010 04310 04360 04370 04650 04660 04662
305957	03410
305999	05200 05215
306004	04120
306012	00230 00240 03020
306115	00010 05010
306204	04010 04510
306243	04010
306247	04060
306262	00780
306268	00512
306274	03420
306353	04612 05340
306375	00532
306400	04510 04670
306428	04010 04612
306454	04514 04530 04670
306460	00565
306478	00190 05010 05012 05016
306516	03022
306586	00260 00670 00910
306628	04510 04512 05200 05222
306722	05200 05219
306748	04060
306761	04610
306764	00310
306790	04360
306792	04080
306804	00290 00970
306808	00562 04070
306860	00601
306879	00400 00970
306886	04210 04620
306945	05322
306962	05322
306969	05322
306970	05322
307100	04020 04070 04720 04740 04910 04912 04916 05010 05214
307199	04514
307212	00340 00410
307231	04310 04360 04370 04650 04660 04662
307237	04530
307270	00620
307309	05012
307351	04540
307366	04660 04662
307395	04360
307403	04060 04640 05200
307483	04510 04810
307485	03022
307491	00340 00970
307492	00340 00970
307505	04520 04530 04670 05200 05213
307511	04110
307582	04510 04512 05200 05222
307618	04514 04670
307641	04310 04520 04530
307759	00251 00252
307799	04530
307820	04310 04360 04370 04650 04660 04662
307821	03050
307838	00533
307858	00620
307859	00533
307927	03022
307989	04360
308015	04740
308016	04740
308023	04520
308068	04310
308100	00071 00072 00280 00310 00380 00620 00632 00640 00650
308106	04010 04912
308163	04060
308190	00830
308267	04010 04620
308345	00310
308384	04120
308416	05014
308417	04514 04520
308445	00980
308478	04630
308490	00790
308501	04514 04640 04662
308508	04120
308572	04530 04810
308578	05016
308589	00600 04020 04370
308666	04810
308669	04120
308692	04310
308701	00260 00970
308716	04060 04630
308755	03440
308757	00510
308775	04120
308776	00230
308800	00350 00740 00950 04916
308853	04740
308901	05322
308909	00600
308913	05200 05211
308937	04110
308965	04010 04020 04210 04310 04360 04370 04650 04660 04662 04720 05010 05014
308977	04060 04630
308995	04514 04650 04670 04810
309004	00100
309051	00563
309070	00860
309165	04010 04210 04620 04660 04662 04920 05200 05212 05215 05220 05221 05222
309168	04010
309179	04310
309194	03022
309217	04640
309221	04740
309222	04740
309225	04740
309242	04020
309262	00100
309280	04360
309295	04010 04210 04620 04660 04662 04920 05200 05212 05215 05220 05221 05222 05340
309304	04514
309312	00260
309361	04010 04210 04620 04660 04662 04920 05200 05212 05215 05220 05221 05222
309368	04510 04512 05200 05222
309377	04310
309391	00190 00860
309419	00562 04070 04510 04810
309452	04010 05200
309513	04910
309557	04530
309574	04740
309578	04740
309583	04740
309584	04514 04612 04940 05320 05330 05332
309596	00290 00970
309600	04514 04612 04940 05320 05330 05332
309603	04514 04612 04940 05320 05330 05332
309607	04514 04612 04940 05320 05330 05332
309621	04514 04612 04940 05310 05320 05322 05330 05332
309622	04514 04612 04940 05310 05320 05322 05330 05332
309627	04514 04612 04940 05320 05330 05332
309638	03022
309680	00271
309684	04514 04650 04670 04810
309696	05200 05220
309732	00430
309745	04520 04530 04670 05200 05213
309758	04120
309762	03030
309816	04510 04512 05200 05222
309887	00790
309962	00230
309995	03450
310011	00512
310071	03420 04120
310090	00790
310131	04150
310132	04060 04630
310201	00361 00364 00627
310207	04360
310218	00910
310363	04120
310405	04330
310444	04080
310508	00603
310533	04010
310552	04310
310553	04620
310611	00550
310616	04916 05016 05215
310621	04810
310630	04360
310638	00310 04530
310643	04360
310645	00100
310655	04530
310659	04612 05340
310664	00230
310668	00310
310672	00260 00970
310678	05322
310683	04510 04512 04810
310685	00230 00240 03020
310710	04130
310738	04010 04210
310784	03022
310803	00534
310836	02010
310848	00590
310856	00190
310864	00511
310914	04350
310935	00051
311030	04630
311039	00512
311061	04510 04512 04810
311078	03050
311144	04510 04512 04514 04640 04670 04810
311163	04520 04670
311173	04740
311175	04740
311179	04740
311180	04740
311215	00534
311245	04010 04120 04620 05200 05222
311332	04330
311384	04360
311391	04012 04510 04650 04910 05214 05220
311412	04110 04120
311422	00230 00240 00983
311426	04514
311446	00630
311450	04012 04360 04510 04660 04810 05211
311530	00530
311567	04120
311569	00010 00620 00640 00720
311570	04530
311622	04010 05200 05223
311658	04010 04310 04360 04370 04650 04660 04662
311743	04010 04530
311786	04010 04210 04920 05200 05222
311839	03320
311844	00380
311849	00252
311860	04012 04110 04360 05200 05220
311862	04510 04512 05200 05222
311864	00240 00983
311865	00590
311952	00512
312046	04110
312086	00960
312192	00271 00450
312195	05016
312213	04360
312272	00052 00500
312275	04360
312279	04360
312373	00230 00240 00760
312382	02010
312451	04310 04520 04916 05200 05210 05213 05215 05216 05217 05221
312495	00830
312538	03030 04110
312560	03420
312563	04310
312647	04140
312668	04010
312670	04920
312679	04060
312705	04610 05322
312754	04310
312781	04310
312826	00530
312936	04310
313017	04110 04115
313024	04520 04810
313047	00400 00970
313050	04650 04660 05340
313052	04530
313063	03440
313121	04010 04310 04520 04620
313138	04110
313152	04060 04630
313173	04060 04630
313210	02010
313231	00510
313245	00230 00240 03020
313264	04120
313339	00600
313341	00563
313348	04120
313375	00590 00591
313382	04530
313410	00630 00670
313421	04610 05322
313429	00330 00970
313445	04120
313477	04350
313479	04110
313494	04510
313495	00910
313498	04662
313536	00052 00510 00533 00601
313546	04740
313560	00240
313574	00230 00240 00760
313610	00534
313611	00565
313633	04360
313648	00510
313689	00830
313702	04110
313843	00010
313845	04010 04012 04510 04540 04630 04650 04660 04664 04810 04910 04912 05200 05210 05211 05213 05214 05215 05220 05221 05223
313874	04010 04662
313876	04120
313878	00512
314140	00030 00230
314196	00650
314212	04310
314259	04530
314264	00830
314304	01040
314312	00230 00240
314320	03430
314322	04010 04620 04660 04662 05200 05210
314384	04010
314432	04120 05012
314436	04010 04012 04510 04910 04912 05213
314438	00600
314442	00380 00970
314553	00564
314612	04012 04370 04510 04650 04910 05214 05220
314621	04150 04920
314638	04916 05016 05215
314640	04530
314641	00562 04070 04810
314642	04110 04120
314649	04080
314694	00532 00920
314782	04020 05012 05016
314843	04520
314856	04110 04115 04120 05200 05214 05215 05218 05219 05220
314870	04210
314903	04360
315119	04330
315139	04010 04620
315150	00230 00252
315167	00190 05010 05012 05016
315173	00061
315196	04310 04340 04916 05200 05217
315212	00510
315219	00240 00983 05219
315259	04310
315294	04310 04340 04916 05200 05217
315330	04110
315344	03410
315346	04510 04512 04640 04810
315348	04810
315350	04910 04920 04930
315427	04115
315430	04530
315452	04740
315509	04514 04530 04670
315548	03060
315564	04360
315571	04740
315572	04740
315573	04740
315608	04120
315609	04640 04660 05340
315648	04310 04350 04530 04730
315655	04810
315707	04810
315711	04360
315713	04120 05200 05221
315716	04514
315744	04510 04512 04810
315763	00271 00670 00970
315771	04120
315776	04510
315807	00563
315824	04340 04350
315953	04514 04530 04670
315981	04510 04512
315994	04010 04370
315996	04360
316009	04360
316013	00310
316033	00052 00511 00531 00561 00600 00604
316067	00040
316077	00230 00240
316123	03022
316201	04310
316218	04740
316233	04530
316241	04660 04662 04920
316256	04060
316265	00010
316273	03030 04110
316325	00534
316342	00785
316351	04710
316369	04012 04660
316376	00562 04070
316400	00563
316403	00271 00450 00970
316457	00562 04070 04810
316526	04310 04340 04916 05200 05217
316527	04310 04340 04916 05200 05217
316531	04540
316533	00532
316539	04360
316575	04120
316583	00533
316632	00190 05010 05012 05016
316633	04740
316639	04510 04520
316640	04140
316758	04510 04512 05200 05222
317189	04810
317203	04010 04150 04720
317219	04080
317256	03022
317368	04310
317371	04520 04810
317389	04110 04115
317409	00310 00780
317468	04620
317568	00310
317576	00562 04070
317628	03410
317646	03010
317673	04115 05016
317674	04310 04916 05200 05210 05217
317675	00380
319104	04080
319105	04080
319106	04080
319107	04080
338457	04620
353218	04060
353227	05200 05221
353229	00600
353252	00830
353253	04612
353255	00251 00760
353256	03022
353304	00563
353317	00650
353498	00140 00150
360229	00190 05010 05012 05016
360254	03440 05200 05212
360272	04360
360420	00830
360426	00564 00565 00590 00591 00592 04010 04370 04664 04730 04912
360457	04060 04150 04510 05200 05211 05212 05219
360465	03420
360475	00510
360511	00770
360518	00251 00530
360543	04530
360546	04360
360548	04060
360592	04120
360606	04510 04512 04640 04810 05200 05222
360621	04110
360640	04010 04210 04660
360643	04110 04120
360647	04514 04650
360654	05016
360661	04530
360697	04060 04630 04650
360709	05200 05216
360719	00350 00643
360746	04120
360748	03450 04110
360801	04330
360820	04370 04510 04670 04810
360827	04140 04150
360843	00564
360854	04810
360860	04115 04120
360871	04514
360882	04514
360891	04810
360908	04110
360918	04060
360953	04130
360958	04360
360975	00020 00310 00380
360992	00230 00240
361013	04120
361033	04740
361042	00010 00020 00620 03320 04910 04920
361046	03410
361056	03030
361063	00230 00240
361071	00020 00640
361076	00561 00564 04070
361084	04520
361096	04340
361102	00230 00240 03020
361165	00531
361174	00510
361181	03420 04120
361184	00272 00970
361195	04110
361215	00280
361223	04810
361245	00530
361247	05322
361258	04120 05200 05211
361321	04140
361324	04360
361338	00860
361365	00230 00240 03020 05016
361377	04020 04910
361378	00511
361381	03420
361385	00190 05010 05012 05016
361388	04012 05211
361389	04110 04120
361400	04310 04360 04370 04650 04660 04662
361401	00564
361432	04514
361450	00532
361509	04120
361510	00150 00920
361517	04510 04670
361523	00590 00830 00980 00982
361537	04650
361538	00330
361568	04010 04530 04810
361580	03022 03420
361585	04120
361596	00020 00480 00720
361597	04360
361598	04520 04810
361602	00620
361612	00330
361615	04060
361632	04070
361637	00650
361641	00251 00860 00970
361661	00970
361662	04110
361663	00190
361677	04620
361688	00310
361696	04012 04150 04350 04910 05221
361698	00230 00240 03030 03410 03420 03430 03440
361710	04670
361712	04120
361715	04010
361730	00561
361764	04360
361765	04120 04310 04340
361767	03410 03450
361769	04340 05200 05217
361784	00230 00240 03020
361787	04514 04612 04940 05320 05330 05332
361795	04060
361798	00310
361801	03320 04920 05200 05216 05222 05223
361802	00150
361821	04510 04512
361831	04120
361839	04520 04530 04670 05200 05213
361844	05322
361872	00010 05010
361884	00280
361967	04020 05012 05016
361969	04610
362013	00271 00450
362015	00230
362029	00500
362031	00510
362035	00534
362039	00564 00565 00590 00591 00592 04010 04370 04664 04730 04912
362041	03010
362045	04010
362049	04360
362052	04740
362053	04740
362078	00310
362119	04610 05322
362149	04330
362165	04916 05016 05215
362268	04330
362275	00512
362279	04530
362282	00010 00020 00620 03320 04910 04920
362283	04130
362294	04120
362302	02010
362304	04110
362329	00230 00983
362332	04010 04510
362339	04916 05016 05215
362344	00190 05010 05012 05016
362347	04080
362356	04110 04120 04310 04350
362368	00480
362377	04120
362383	00030
362385	00230 00240 03030 03410 03420
362398	04360
362404	00020 00640
362418	04210
362440	00190 05010 05012 05016
362485	04110 04115 05200 05215 05222
362489	05200 05221
362547	00510
362567	00514
362588	00190 05010 05012 05016
362625	00510
362628	04060 04630
362629	04060 04630
362631	03010
362634	04610 05322
362675	04115
362702	00350 00360 00561 00564 00565 00624 00632 00903
362706	00030
362720	00230 00240 00480 04115
362756	00563
362757	00830
362788	04620 05200 05222
362802	00190
362817	04110 04115 05200 05215 05222
362821	04740
362827	04120 04630 05200 05222
362831	00310
362837	00190 05010 05012 05016
362850	03320
362858	00230 00240 03020
362862	05200 05215
362873	04360
362896	04630
362897	00190 05010 05012 05016
362912	05014
362924	00512 00533 00603 00604
362931	04115
362973	04510
362993	04360
363040	00601
363058	04514
363061	00020 00190 05010 05012 05016
363065	04120
363067	05016
363069	00770
363073	00534
363085	00910
363088	04110 04115
363099	03010
363109	00530
363131	04140
363140	05200 05219 05223
363142	04360
363145	00051
363172	00290 00970
363193	04310
363235	05014
363247	03450
363251	03450
363272	00230
363284	04120
363285	00450
363425	04510
363441	00190 05010 05012 05016
363458	04510 04512 05200 05222
363460	04810
363464	00563
363471	00830
363493	03022
363509	04810 05212
363516	02010
363517	04360
363520	04210 04620
363546	04740
363549	04740
363577	04660 04670
363585	04740
363595	04310 04520 04916 05200 05210 05213 05215 05216 05217 05221
363606	04740
363608	04740
363618	00534
363633	00230 00240 03020 05016
363639	04740
363640	04740
363642	04740
363682	04060
363707	03060
363710	04740
363733	04110 04330 05016 05200 05220
363761	04740
363762	04740
363763	04740
363826	04740
363836	04120 05012
363838	04740
363855	04010 04012 04620 04664 04912
363866	04080
363875	04010 04310 04360 04370 04510 04520 04620 04650 04662 04664 04670 04810 05014 05200 05210 05211 05212
363925	04510 04530 04670 04810
363930	04514
363982	00632 00903 01040
363984	04620
364018	04670
364031	04060
364032	00563
364033	04130
364054	04740
364064	00330
364070	00290 00970
364275	04740
364306	04740
364420	04210 04650
364453	00010 05010
364460	00190
364476	00534
364583	05012
364594	04620
364675	00532 00534
364682	04120
364716	05322
364723	05322
364726	04740
364754	04310 04916 05200 05210 05217
364774	04020 04070 04720 04740 04910 04912 04916 05010 05214
364785	00310
364786	04510 04512 04514 04810
364814	03050
364834	00230 00240 03020 05016
364863	03410
364867	04620
364901	00604
364952	04310
364974	03030
364975	00071 00310 00380 00632
364979	04740
365050	04612 05200 05215
365057	04010 05014
365076	04110 04330 05016 05200 05220
365114	03410
365170	04740
365175	04740
365302	04740
365314	00785
365320	00230 00240 00480
365322	04740
365323	04740
365324	04740
365326	04740
365327	04740
365328	04740
365329	04740
365330	04740
365331	04740
365333	04740
365334	04740
365336	04740
365337	04740
365340	04740
365341	04740
365342	04740
365355	04010 04530 04810
365367	04640 04662 05340
365382	00562 04070
365384	04740
365385	04740
365388	03050
365391	04742
365395	04060 04630
365396	04810
365415	00010 05010
365523	04740
365527	04514 04612 04940 05320 05330 05332
365542	04514 04612 04940 05310 05320 05322 05330 05332
365554	03050
365577	04610
365581	04060
365583	00532
365587	04020 05012 05016
365601	04140
365668	00790
365744	04950
365755	04310
365769	04060 04630
365865	00562 04070 04810
365872	04330 05010
365877	05322
365885	04740
365910	00010 05010
365984	00604
366024	04740
366026	04740
366061	00512
366064	00601
366074	00190 05010 05012 05016
366099	04740
366102	04740
366103	04740
366104	04740
366105	04740
366108	04740
366109	04740
366111	04740
366112	04740
366113	04740
366114	04740
366115	04740
366116	04740
366118	04740
366120	04740
366121	04740
366122	04740
366123	04740
366126	05200 05221
366196	00564
366214	04950
366274	04020 04080
366362	04740
366377	04740
366381	04110 04120
366448	00190 05010 05012 05016
366455	04060 04630
366456	04740
366457	04740
366458	04740
366463	00072 00280 00650
366473	00220
366478	00563
366492	04360
366508	00562 04012 04070 04150 04210 04370 04510 04620 04630 04650 04660 04662 04664 04670 04810 04910 04930 05200 05210 05211 05212 05213 05214 05215 05218 05220 05221 05222 05223
366518	04060
366545	00190
366614	00190 05010 05012 05016
366624	04360 04810
366697	00600
366791	00830
366793	04740
366797	04740
366798	04740
366799	04740
366802	04740
366803	04740
366804	04740
366810	04740
366816	04740
366834	04740
366843	04740
366844	04740
366864	00010 05010
366949	04930 04950
366957	04010 04310 04360 04370 04510 04520 04650 04662 04664 04670 04810 05200 05210 05212
366959	00260
366962	04660
367032	04740
367046	00280
367060	04740
367061	04740
367064	04740
367065	04740
367067	04740
367072	04360 04810
367083	00510
367090	03410
367100	04350
367145	00533
367166	00531
367198	04110 04115
367226	00010 05010
367242	04340
367252	00510
367254	05322
367264	04630
367306	03060
367313	04510 04512
367315	04080
367323	00760
367562	00052 00500
367797	03022
367901	04662 04664 05340
367976	03030 04110
368044	00190
368066	00380
368088	00561 00564 04070
368128	00531
368153	04514 04612 04940 05320 05330 05332
369018	00010 00272 00620 00640
373540	04060
373541	03022
373545	04910 04920
378774	00563
396527	00040 00053 00150 00500 00830 00860 00980 00982 00983
396551	00040 00053 00150 00500 00830 00860 00980 00982 00983
396552	00040 00053 00150 00500 00830 00860 00980 00982 00983
399489	04110 05200 05212 05214 05215 05218 05219 05220 05222 05223
399679	05340
404794	04740
404839	04740
404888	04740
405036	04740
405071	04740
405114	04740
405115	04740
405144	04740
405207	04740
405219	04740
405904	04740
405971	04740
406162	04330
406165	00561 00564 00565
406194	04514 04612 04940 05320 05330 05332
407764	00604
407765	00604
408206	00430 00450 00460 00480 00590
408248	03050
414270	04514 04612 04940 05320 05330 05332
414779	04514 04612 04940 05320 05330 05332
414783	04514 04612 04940 05320 05330 05332
414784	04514 04612 04940 05320 05330 05332
414785	04514 04612 04940 05320 05330 05332
414786	04514 04612 04940 05320 05330 05332
414787	04514 04612 04940 05320 05330 05332
414789	04514 04612 04940 05320 05330 05332
414790	04514 04612 04940 05320 05330 05332
414791	04514 04612 04940 05320 05330 05332
414792	04514 04612 04940 05320 05330 05332
414793	04514 04612 04940 05320 05330 05332
414819	04514 04612 04940 05320 05330 05332
432392	00510 00533
436582	00190
444984	00271
444985	00271
444986	04060 04630
445442	04350 04510 04512
448830	04620
474146	04650
492821	04115
494319	04080
494342	00510 00533 00601
494444	04110
494535	04080
497197	00562 04020 04070
497672	04120
497756	00500
497757	00230 04540 04730
497761	04514 04640
497778	00240
497811	00230 00232 00983
497815	04514
497840	00220 00251 00330 00910
497902	00190 05010 05012 05016
497907	03410
497931	04012 04070 04150 04210 04370 04510 04620 04630 04650 04660 04662 04664 04670 04810 04910 04930 05200 05210 05211 05212 05213 05214 05215 05218 05220 05221 05222 05223
497942	04060
497961	04010 04310 04520
497976	03440
498003	04010
498013	05010
498019	00010 05010
498030	04110 04120
498099	00010 05010
498109	00230 00240 03020 05016
498123	00010 05010
498178	00310
498183	04010
498206	04060
498272	00530
498281	04520
498300	00600
498332	00130
498335	04060
498351	03060
498433	03050
498475	04080
498486	00530
498609	04080
498661	00010 00230 00620 04910 04930
498666	04060
498728	01040
498731	00010 00051 00562
498736	04540
498752	05016
498753	05322
498798	04630
498881	00010 05010
498885	04020 05012 05016
498894	05322
498939	05322
499092	03410
499131	00190 05010 05012 05016
499271	04810
499330	00760
499342	04514
499356	04662 05340
499358	01040 03320
499415	04514
499433	00010 05010
499497	04010
499505	03430 05200 05210
499523	03010
499525	00010
499529	00190 05010 05012 05016
499566	00910
499617	04612 05340
499658	00550
499675	05322
499729	03050
499735	04612 05200 05215
499751	00510
499782	03010
499870	03440 05200 05212
499896	00010 05010
499956	00240 00983
499966	03440
499968	00512
499969	04010 04020 04210 04310 04360 04370 04650 04660 04662 04720 05010 05014
499989	00010 05010
500047	04310 04340 04916 05200 05217
500089	04742
500131	05016 05215
500154	03410
500195	04110 04330 05016 05200 05220
500257	00532 00920
500281	00310
500318	04060
500319	04540
500338	04612
500347	04742
500351	05322
500363	04540
500377	04540
500442	05016
500462	04010 04020 04210 04310 04360 04370 04650 04660 04662 04720 05010 05014
500526	04010 04910
500560	00190 05010 05012 05016
500590	04060
500592	04060
500598	04060
500616	04630
500679	03440
500695	04330
500722	04310
500826	00512
500871	04020 05012 05016
500882	05322
500904	04670
500910	04060 05340
500912	00010 05010
500929	04540
500959	00010 00051 00562
500965	00010 00272 00620 00640
500983	00010 05010
500985	04012 04120 04630 04660 04910 05200 05220
500987	05322
501043	04060 04630
501072	00071 00120 00280 01040 03320
501099	04010
501192	00010 05010
501204	04020 05012 05016
501502	04650
501558	04010 05014
501560	04010 04150 04720
501563	04010 04020 04210 04310 04340 04540 04720 04740 04742 04910 04912 04916
501886	00190 05010 05012 05016
501977	05322
501996	04060
502017	00510
502125	05322
502129	05322
502145	04060 04630
502186	00230 00240 03020 05016
502227	03420
502592	00190 05010 05012 05016
502749	00561
502750	04110
502858	04512 04640
502913	05322
502988	04115
503000	04310
503049	01040
503115	04120 05012
503156	03050
50522	03320
50549	00071 00590 00830 03320
50551	00240
50554	04110 04310 04350 04520 05200 05210 05212 05220
50555	00600
50557	00562 04070 04115 04510 04530 05200 05213 05214 05215 05218 05222
50559	01040
50564	04540
50577	04080
50592	04080 04720 04730 05014
50646	04020 04650 04670 04912
50654	04612
50655	00020 00630 00720
50658	04010 04012 04310 04510 04620 04664 04910 04912 04920 04930 05200 05210 05212
50662	05200 05220 05221
50663	04020 04070 04720 04740 04910 04912 04916 05010 05214
50664	04730 04916
50669	04650 04940 05320 05330 05332
50671	00061 04910
50672	04020 04080 04916
50678	00230 04910
50681	00071 00592 01040 03320
50682	00561
50685	04510 04530 04670 04810
50687	04360 04514
50688	04010
50689	04010 04012 04150 04350 04360 04370 04510 04520 04540 04620 04650 04664 04720 04730 04810 04910 04912 04916 04930 05010 05200 05210 05211 05212 05213 05214 05215 05216 05218 05219 05220 05221 05223
50692	04610
53949	04020 04080 04810
54223	00230 04020 04540 04742 04912 04916
54226	05010
54227	04810
54231	00910
54232	00910
54233	00910
54234	04010 04020 04930
54236	04640
54237	04110 04115 04540
54238	04110
54241	05016
54242	04614
54243	04610
54244	04110 04310 04330 04350 04520 04630 04720 04916 05016 05200 05211 05215
54245	04010 04012 04510 04810 04910 05200 05211 05220
54246	00980
54248	00561 00564 04070
54249	04610
54250	04010 04810 05200 05218
54251	04060 04510
54252	04120
54257	04080
54258	04060
54259	04070 04662 04664 04910
54260	00562 04020 04070
54265	04530
54266	04514
54283	00051
54284	04350
54286	04540 04730 04740
54293	04360
54305	04080
54314	00350 04060 04630 04640 05320
54319	04670 04810
54322	00190 05010 05012 05016
54349	00280 00350 00380 00750 00760 00982
54355	04670 05200 05223
54398	00062
54400	04130
54410	00230 00500 00740 00760 00770
54702	05200 05211
554302	04742
56010	04110
56011	04110
56083	05016
56266	00590
56718	04012 04150 04910 04920 04930 05200 05214 05215 05221
56761	04330
56780	00361 00740
56813	04080
56816	04120 05012
56819	00534
56821	04740
56822	04514 04620 04940 05320 05322 05330 05332
56823	00380
56827	04010 04020
57027	04330 05010
57298	00480 00980 00982
57300	00960
57301	04060
57302	04080
57305	04080
57341	04510
574523	00040 00053 00150 00500 00830 00860 00980 00982 00983
57809	03010
58813	00230 00240 00760
58819	00240
58822	04310 04340 04710
58823	04810
58826	05310
58835	00260
58852	03320
58854	03050
58857	04530
58868	04310 04916 05200 05210 05217
58918	04115 04210 04370 05010 05012 05014 05016 05200 05210 05212 05213 05215 05222 05223
58919	04110 04115 04310 04510 04630 05200 05210 05212 05213 05214 05215 05216 05218 05219 05220 05221 05222 05223
58924	00601 00603
58927	03010
58940	05322
58942	04010
58946	04360
58949	04020 04080
58959	04080 04730
58960	04010 04012 04370 04540 04620 04650 04664 04720 04730 04810 04910 04912 04916 05200 05211 05213 05214 05215 05216 05218 05219 05220 05221 05223
58962	00590
58964	00230 00240
58970	00600
58974	04140
58977	04720
59074	04130
59085	00220 00252 00330
59086	04010 04110 04350 05200 05210 05211 05212 05220
59102	03030 03420 03430 03440
59103	00590
59107	04350
59109	04010 04210 05200 05216
59113	00380
59264	04080
59294	00230 00240 03030 03410 03420 03430 03440
59317	04530
59318	04514
59320	00230
59323	04012 04020
59325	04012
59326	04670 04720
59328	04350
60323	04810
60327	04610
60329	04950
60341	04920
60349	04950
60350	04010 04620 04640 04810
60352	04010 04370 04620 04664 04670 04912 05014
60356	00430
60371	04120 04210 04510 05200 05222
60379	04510 04512
60391	04514
60398	00230 05222 05223
60399	04080
60416	00010 00030 00051 00052 04910
60427	04060 04640 04916 05200
60432	04080
60433	04330
60445	04150 04910
60447	04710
60448	04080
60449	04742
60451	04740
60460	04010 04612
60463	04060
60464	04010 04810 05200 05218
60465	04530
60466	04130
60562	04130
60581	00061 00620 00640 04910
60584	04060 04630
60587	04010
60589	04360
60590	04080
60628	04060 04360 04670
60629	04360
60630	04360
60660	04530
60661	04010 05200 05222
60662	04010 04810 05200 05218
60663	04810 05215
60664	04012 04070 04150 04210 04370 04510 04620 04630 04650 04660 04662 04664 04670 04810 04910 04930 05200 05210 05211 05212 05213 05214 05215 05218 05220 05221 05222 05223
60666	00564
60670	00601
60671	00053
619374	04514 04530 04670
619385	05200 05216
63835	04514 04660 05320
63836	04510 04520 04530 04670 04810 05322
63840	04710
63843	04080
63851	04010 04810 05200 05218
63864	00062 00071 00280 00310 00380 00650 00930 05010
63865	04612
63867	00040 00053 00150 00500 00830 00860 00980 00982 00983
63868	04940
63879	04120 04210 04510 05200 05222
63881	04510 04910 05211
63885	00230
63886	02010
63888	00603
63889	04080
63938	00280
63995	04010
63996	04110
64012	03440 03450
64017	04614
64018	00604
64022	04012
64023	04610
64025	04650
64026	04210 05010
64030	04060 04640 04916 05200 05221
64033	04110 04115 04310 04510 04630
64035	00500 04910
64036	04610 04640
64040	00010 00053 00071 00120 00220 00280 00310 00340 00380 00410 00561 00620 00640 00641 00650 00903
64041	05200 05210
64042	04080
64043	00512
64044	04115 04210 04620 05010 05016 05200
64046	03440 03450
64047	00830
64086	04340
64107	04080
641316	00251 00330
64133	00532 00534
64134	00532 00534
641434	00190 05010 05012 05016
641452	04120
64152	04010 04020 04210 04310 04360 04370 04650 04660 04662 04720 05010 05014
64154	04130
64156	03010
64158	04540
64159	04530
64161	00562 04070
64189	00565
64191	00100
64192	00790
64193	04110
64202	04612
64203	00280 00290 00770
64205	03010
64206	00380
64226	04150
64298	03010
64300	00630 00670
64302	03010
64303	04810
64304	00071 00280 00650
64306	03010
64307	03010
64313	00330
64317	00480 00590
64350	04810
64351	04130
64352	00480 00980 00982
64354	04020 04080
64369	00561 00564 00565 00600
64391	05200 05219
64392	00670
64394	04115
64442	00512 00533 00603 00604
64445	00533 00601
64459	04610
64462	04340 04540 04710
64465	04010 04360 04370 04510 04520 04530 04660 04670 04810 04912 05200 05211 05212
64467	00230
64468	00531
64473	00920
64475	00330
64508	00230 04020 04540 04740 04912 04916
64512	04310 04916 05200 05210 05217
64515	04110 04120
64517	04614
64519	00230 00240
64524	00030
64525	04120 05200 05211
64526	00350
64529	04612
64532	00230 04540 04912 04916
64533	00750
64537	00531
64544	00532 00534
64545	04514 04660 05340
64546	04060 04620 04630 04940 05330
64549	04350
64558	04310 04916 05200 05210 05217
64561	04020 04910
64562	04910 04920
64564	00310
64566	04310 04340 04916 05200 05217
64621	00361 00790
64624	04120
64625	04115 04210 04650 05010 05014 05200
64627	05322
64630	04130
64631	04120 05012
64632	04910
64633	05014
64636	04080
64638	03010
64639	04012 04210 04370 04510 04910 05010 05014 05200 05210 05212 05213 05215 05218 05220 05221 05223
64640	03010
64646	05322
64647	05322
64665	04910
64666	04010
64668	04610
64669	00061
64670	04140
64672	04020
64677	00120 00150 05215
64678	04640
64680	04080
64701	00510
64823	04340
64828	00604
65027	04310
65029	00220 00340 00380
65030	00590 00625
65032	04020 04080
65033	04130
65038	00562 04070
65043	03010
65044	00512
65046	05016
65047	04360
65051	04610
65052	00562 04070 04140
65129	04514 04530 04670
65130	04514 04530 04670
65131	04514 04530 04670
65134	04130
65135	00240 00410 00770 00983
65136	03010
65137	04310
65139	03010
65140	04740
65146	04662
65152	00010 00030 00051 00052 04910
65155	00260 00860
65156	00240
65166	03060
65172	04360 04810
65179	04010
65183	00010 00053 00071 00120 00220 00280 00310 00340 00380 00410 00561 00620 00640 00641 00650 00903
65187	04080
65189	04010
65191	04080
65192	03320
65193	04950
65196	00600
65208	04360
65210	00590 00591
65248	04140 04150 04910 04920
65262	00190 05010 05012 05016
65270	00601
65271	00510
65276	04080
65277	04130
65278	04340
652929	04514 04670
652957	04060 04630 04640 05200
654441	00190 05010 05012 05016
65984	00650
66012	00230 04540 04730
66017	04010 04810 05200 05218
66018	04510 04540 04810 05215 05218
66021	04670
66024	04080
66025	04080
66029	00380
678705	03410
678739	04020 04910
678759	00190 05010 05012 05016
678769	04140
678818	05322
678917	03060
679007	04010 04370 04620 04664 04670 04912 05014
679008	00190 05010 05012 05016
679015	03410
679028	04330
679073	03050 04612
679105	05322
679119	04340 04350
679159	04130
679195	00190 05010 05012 05016
679312	04540
679326	05016
679344	03410
679376	04740
679379	04130
679383	00970
679421	00010 05010
679422	03410
679429	00310
679451	03410
679571	03410
679597	00010 05010
679699	05322
679739	00190 05010 05012 05016
679778	04010 04612
679794	04115 04210 05010 05012 05014 05016 05200 05210 05222
679840	05322
679869	04310 04520 04916 05200 05210 05213 05215 05216 05217 05221
679910	05322
679923	04020 05012 05016
679950	05322
679973	04612 05200 05215
679983	05322
679994	05322
680006	04110
680046	04020 05012 05016
680050	03022 05016
680054	03410
680063	05322
680097	05322
680110	04115
680111	04110 04350
680121	04010 04612
680127	04620
680178	04514 04530 04670
680288	00190 05010 05012 05016
680312	05322
680322	05322
680403	05322
680409	00330
680430	05322
680498	05322
680511	05322
680532	03050 03440
680537	00310
680538	00010 05010
680599	05322
680615	05322
680765	03410
680835	04120
680840	03050
680915	03410
680931	04340 04350
680968	03410
681024	00190 05010 05012 05016
681086	00563
681145	04630
681162	05200 05222
681193	00230 00240 03020 05016
681221	03010
681236	04662 05340
681314	04115 04210 05014 05016 05200 05210
681319	00380
681418	00190 05010 05012 05016
681425	05322
681458	01040 03320
681480	00230 00240 03020 05016
681718	03410
681730	00983
681754	00190 05010 05012 05016
681795	00190 05010 05012 05016
681804	00190 05010 05012 05016
681805	03410
681867	00190 05010 05012 05016
681886	00010 00620 00640 00720
681985	00010 05010
682005	00010 05010
682076	04950
682097	03022 05016
682164	00230 00240 03020 05016
682183	04060 04630
682198	00190 05010 05012 05016
682318	05322
682330	05322
682355	05322
682370	00230 00240 03020
682382	00230 00240
682439	05322
682450	05322
682463	03410
682492	01040
682507	04520 04810
682518	05322
682525	00310
682543	05322
682558	05322
682560	05322
682565	00330
682566	00190 05010 05012 05016
682623	04612 05200 05215
682626	04115 04210 05010 05012 05014 05016 05200 05210 05222
682649	05322
682665	05322
682704	04120
682718	03010
682744	00230 00240 03020
682826	03060
682841	05322
682902	03022
682930	04010 04020 04912 05010
682937	04520
682940	04120
683008	00220 00410 00480
683062	04020 05012 05016
683163	04060
683172	03410
683232	00190 05010 05012 05016
683246	00380 00970
683250	04150 04910
683264	00512
683306	04115 04210 05010 05012 05014 05016 05200 05210 05222
683383	04310
683463	04662
683527	00601
683547	00190 05010 05012 05016
683570	00530
683619	00500
683661	04120
683685	04810
683713	00600
683774	00534
683816	04060 04630
683838	00190 05010 05012 05016
683847	03420
683848	00010 05010
683869	04110 04350
683884	00190 05010 05012 05016
684113	04110 04115
684140	04210 04630 05014 05200 05212 05220 05222
684191	00010 05010
684227	04810
684314	00260 00561 00630
684342	04742
684368	04150 04910
684391	00010 05010
684420	00010 05010
684440	04620
684444	05322
684507	04020 05012 05016
684509	00190 05010 05012 05016
684554	04350 04510 04512
684567	00190
684610	05322
684621	05322
684633	05322
684647	05322
684686	05322
684745	05322
684762	05322
684773	05322
684797	05322
684807	05322
684817	04360 04810
684819	05322
684841	05322
684870	05012
684872	05322
684887	05322
684899	05322
684936	04115 04210 05010 05012 05014 05016 05200 05210 05222
685069	05322
685076	00500
685091	03410
685135	00190 05010 05012 05016
685186	00010 05010
685197	03050 04612
685232	00190
685245	00251 00860 00970
685269	04510 04512 04640 04810 05200 05222
685322	00190 05010 05012 05016
685520	03410
685586	00010 05010
685596	00190 05010 05012 05016
685664	05016
685808	04650
685909	05322
685936	04810
685984	05322
686275	00010 05010
686310	04360
686326	04060 04620 04630 04650
686404	04020 04070 04720 04740 04910 04912 04916 05010 05214
686419	04110
686420	00190 05010 05012 05016
686442	00190 05010 05012 05016
686476	00010 05010
686495	04140 04150
686520	04510 04670
686607	00271
686683	04740
686736	05322
686838	04612 05200 05215
686853	00010 05010
686947	00190 05010 05012 05016
686951	00190 05010 05012 05016
687008	00280 00640
687018	05322
687023	05322
687039	05322
687055	00230 00240 03020 05016
687079	04662 05340
687099	00830
687262	04060 05340
687311	00190 05010 05012 05016
687338	04510
687424	04330
687500	00190 05010 05012 05016
687508	00190 05010 05012 05016
687538	00310
687571	00190 05010 05012 05016
687633	04120
687634	00251 00860 00970
687711	05322
687718	00532
687719	04512 04640
687741	00190 05010 05012 05016
687756	00251 00860 00970
687789	04120
687799	05322
687813	05200 05222
687864	00190 05010 05012 05016
687876	03022
687888	00190 05010 05012 05016
687919	03030
688116	04514
688135	00190
688201	04115 04210 05014 05016 05200 05210
688261	00230 00240 00760
688283	00380 00630
688286	00260
688386	00190 05010 05012 05016
688430	04360 04810
688473	03010
688517	00280 00640
688631	03420
688673	00514
688677	00010 05010
688783	00010 05010
688869	00190 05010 05012 05016
688963	00190 05010 05012 05016
688965	04330
689030	03022 05016
689108	04020 05012 05016
689114	00190 05010 05012 05016
689226	04120
689314	04010 04370 04620 04664 04670 04912 05014
689333	04020 04070 04720 04740 04910 04912 04916 05010 05214
689398	03410
689408	05322
689427	00010 05010
689459	04115 04210 05010 05012 05014 05016 05200 05210 05222
689560	04020
689572	05322
689689	00010 05010
689729	03410
689820	00310
689887	00010 05010
689908	04010 04612
689932	04060 04630
689954	00310
689961	00190 05010 05012 05016
690049	00190 05010 05012 05016
690102	05322
690131	05322
690163	00072 00280 00650
690268	00271
690428	00190 05010 05012 05016
690521	03410
690550	00190 05010 05012 05016
690654	00380 00970
690675	04115 04210 05010 05012 05014 05016 05200 05210 05222
690795	05322
690848	00190 05010 05012 05016
690940	03410
690966	00230 00240 03020 05016
691001	00190 05010 05012 05016
691015	00190 05010 05012 05016
691155	05200 05216
691171	04140 04150
691211	04115 04210 05010 05012 05014 05016 05200 05210 05222
691318	04310
691393	03060
691488	05322
691496	05322
691644	04530
691675	00190 05010 05012 05016
691736	00190 05010 05012 05016
692017	00190 05010 05012 05016
692052	00190 05010 05012 05016
78947	00510
78959	00010 00561 00930
78962	04710
78963	04115 04210 05010 05012 05014 05016 05222
78964	04080
78965	04060 04640
78968	04910
78971	04120 04210 04510 05200 05222
78973	04310
78975	04140 04150 04910 04920
78976	04080
78979	04742
78980	04742
78981	04742
78982	04742
78983	04742
78984	04742
78985	04742
79112	00563
79114	04010 04520 04810 05200 05215 05218
79116	03410
791259	00910
79126	04610
79127	00230 00240
79129	04670
79131	03320
79208	04360
79211	04080
79214	00512
79219	04080
79220	04080 04730
79222	00230 04540 04730
79223	00561 03320
79224	04610
79225	04330
79237	04950
79238	00072 00280 00650
79239	00860
79240	04010
79243	00150
79244	00062 00071 00280 00310 00380 00650 00930
79247	04020 04080
79248	02010
79250	00020 00630 00720
79251	00252 00340
79255	04010 04720 04912 05215
79257	04310 05200 05210 05213 05217
79429	04510 04540 04810 05215 05218
79431	04710
79433	04530 04810
79435	04120
79449	03010
79451	03320
79558	04060 04350
79559	04514
80841	03320
80849	00562 04070
81008	04510 04512 04810
81024	04940
81504	04010 04012 04510 04540 04630 04650 04660 04664 04910 04912 05200 05210 05211 05213 05214 05215 05220 05221 05223
81506	00760 04020
81507	04060 04350
81508	00260 00271
81509	04020 04080 04610 04810
81511	04650 04660 04664
81513	03030 03410 03420 03430
81515	04662 04664 04730
81516	04350
81519	00510
81521	04670 04810
81522	00271 00670
81525	04660 04662 04920
81528	03410
81529	00230 04020 04742
81531	04810
81536	00600
81632	00251 00252 00410 00640 00650
81634	04510 04520 04530 04670 04810 05322
81635	00791
81636	00230 04020 04540 04912 04916
81637	05016
81638	04020 04080 04614
81639	00590 00591
81640	00220 00271
81641	00480 04614 04640
81642	02010
81643	00230 00670
81645	04020 04080 04810
81646	04612 04916 05016 05215
81647	04010
81648	04730
81649	04010 04370 04620 04664 04670 04912 05014
81650	04310 04520 04530
81652	00530
81654	00010 00020 00620
81656	00240 00410 00770 00983
81657	04080
81658	04080
81660	00220 00260 00330
81662	04020 04540 04730 04912
81663	04010 04730 04810
81664	04360 04530 04540 04670 04730 04916
81666	04020 04540 04720 04730 04912 04916 05010 05016
81668	04080 04912
81670	00251 00252
81672	04080
81673	03022
81674	03022
81676	00340
81677	00562 04020 04070
81678	04020 04070 04540 04720 04730 04912 05010
81679	05200 05221
81680	04060 04630
81681	00100
81683	00350 00360
81685	03430 05200 05210 05213
81686	04670 04912 05200 05219
81687	04670 05200 05219
81707	04912
81708	00280 00562 00640
81709	03430 05200 05210
81716	00100
81717	04310 04330 05200 05220
81718	00272 00430
81726	00100
81727	00100
81728	00190 05010 05012 05016
81729	03010
81735	04514
81736	04010 04210 04620 04660 04662 04920 05200 05212 05215 05220 05221 05222
81737	04010
81739	04020 04080
81742	00230 04020 04740
81743	00230
81744	00230
81745	03320 04150 04510 04910 05213 05215 05223
81747	00562 04070
81749	04530
81750	04610
81751	04330 05010
81752	04080
81753	04080
81755	04530
81756	04530
81757	05200 05212
81758	04110 04350
81759	00530
81762	04310 04350 04360 04510 04670 04810
81763	03010
81764	03010
81765	03010
81766	03010
81767	03010
81768	03010
81769	03010
81770	03010
81771	04010 04150 04720
81772	03010
81773	03010
81774	03010
81775	03010
81776	03010
81777	03010
81779	04080
81780	04060 04620
81782	00120
81783	05322
81802	04130
81803	04130
81805	00920
81807	04120 05200 05211
81809	04010 04110 04350 05200 05210 05211 05212 05220
81810	04010 04060 04350 04520 05200 05210 05212 05220
81811	04640
81812	04080
81814	04810
81816	04120
81819	05200 05216
81821	00561 00564 04070
81822	04510 04520 04530 04670 04810
81824	04810
81827	03050
81829	00020 00620 00630 00720
81869	00480 00980 00982
81918	04080 04520 04530
81919	00601 00603
81920	04120
81924	03320
81925	00564 04070
83422	04120 04630 05200 05222
83467	04360
83472	00040 00053 00500 00520
83474	05016
83477	04660 04662
83497	04514 04530 04670
83499	03050
83501	04514
83502	04514 04520 05200 05213 05216 05218 05219
83503	00230 00240 03020 05016
83505	00604
83506	04920
83510	00564
83512	00592 01040 03320
83516	04910 04920 05016
83518	04080
83522	00071 00592 01040 03320
83523	00562 04070
83529	04020 05012 05016
83531	04020 05012 05016
83532	04020 05012 05016
83533	04210
83535	04930
83537	00600
83567	04080
83569	02010
83571	04012 04110 05200 05215 05220 05222
83572	00565
83574	03320 04920 05200 05216 05222 05223
83577	04810
83578	00750
83580	04610
83581	00230 00240 03020
83582	00230 00240 03020
83584	04210
83585	00230
83613	05014
83614	04120 04630 05200 05222
83615	00190
83618	05016
83626	00600
83627	00512
83628	04115
83630	04950
83633	04080
83681	04630
83686	04740
83688	00030
83709	04810
83711	04350
83721	04310 04330 04916 05200 05210 05217
83730	04130
83764	04910
83782	00230 00240
83783	00920
83784	00252 00260
83785	04150 04370 04510 05200 05211 05212 05219
83789	03010
83790	00590 00591 00830 00980 00982
83791	00100 00900
83792	01040 03320
83800	05016
83803	04910 04920
83805	04012 04370 04510 04520 04530 04540 04912
83806	03050
83807	04530
83808	00040 00053 00150 00500 00830 00860 00980 00982 00983
83810	04080
83817	00564
83824	04310
83828	03022
83830	03022
83840	04012 04150 04350 04910 05221
84006	04530 04910
84007	04080 04610
84008	04514
84010	04330
84013	00150 01040
84014	05200 05212
84018	00562 04070
84019	05010
84021	04910 04920 04930
84022	04080
84023	04080
84024	00361 00363
84027	04012 04110 04310 04340 04360 04510 04662 04910 04916 05010 05200 05210 05213 05215 05217
84028	00561
84029	00630
84032	04510 04512
84050	00565
84114	00565
84347	04010
84349	04060 04514 04660 05310 05320 05322 05330 05340
84350	00271
84351	04010 04210 04620 04660 04662 04910 04920 04930 05200 05212 05215 05220 05221 05222
84352	04510 04512
84353	04310 04510 04520 04530 04670 04916 05200 05210 05213 05215 05216 05217
84356	02010
84359	04210
84380	04340
84389	03420 04110
84399	04340
84402	04310
84405	04060 04620 04630 04940 05330
84406	00534
84409	04360
84420	00230 04020 04540 04912 04916
84426	04310 04340 04916 05200 05217
84428	05016
84430	00514
84431	00600
84468	00532
84470	00564
84475	04060
84477	04664 05220
84482	04910 05200 05215
84485	05014
84488	04010 04810 05200 05218
84489	04010 04810 05200 05219
84490	03030 03410 03450
84492	04660
84493	00982
84495	03410
84497	00561 00830
84575	01040
84576	04110 04330 05016 05200 05220
84577	04110 04330 05016 05200 05220
84588	04514 04530 04670
84593	03420
84594	00730
84596	00220 00271 00410 00480
84597	00601 00603
84598	04630 05200 05212
84600	05340
84607	04630 04910 04930
84609	04360
84683	00190 05010 05012 05016
85238	00562 04070
85239	00410 00640
85240	00562 04020 04070 04310 04540 04720 04730 04742 04912 04916 05010 05016
85241	00230 00240 03030
85242	00230 00240 03030
85243	00562 04012 04070 04150 04210 04370 04510 04620 04630 04650 04660 04662 04664 04670 04810 04910 04930 05200 05210 05211 05212 05213 05214 05215 05218 05220 05221 05222 05223
85250	04510 04512
85253	04080 04610
85257	04740
85258	04740
85260	00230 00240
85264	02010
85268	04080
85269	00230 00240
85272	04340 04350
85273	04120
85333	04020 05012 05016
85384	04010 04012 04510 04540 04630 04650 04660 04664 04810 04910 04912 05200 05210 05211 05213 05214 05215 05220 05221 05223
85385	04012 04510 04650 04910 05214 05220
85420	04530 04920
85428	04910
85432	00790
85435	04350
85482	03440
85483	04612 05340
85490	04510 04512
85491	04130
85492	03050
85496	00230 00500 00740 00760 00770
89784	00100 00900
89786	00190
89788	04020
89803	04310
89808	04060
89809	03030 03420 03430
89811	04150 04510 05200 05211 05212 05219
89812	00562 04070 04810
89814	04060
89818	04130
89821	04020
89826	00830
89829	04120 04630 04910 04920 04930
89830	04340 05200 05217
89833	00340 00670
89841	00440 00564
94167	00360 00680 00960
94170	00190
94172	03320
94173	00020
94189	04130
94194	00190 05010 05012 05016
94198	03050
94201	04110 04115 04530 04660 05200 05212 05214 05218 05219 05220 05222 05223
94202	04010
94203	04150 04510 05200 05211 05212 05219
94266	03010
94268	04360
94271	00190 05010 05012 05016
94273	00510
94338	00600
94340	00071 03320 04920
